0.000000000000000000e+00,0.000000000000000000e+00,0.000000000000000000e+00,0.000000000000000000e+00,0.000000000000000000e+00,0.000000000000000000e+00,0.000000000000000000e+00,0.000000000000000000e+00,0.000000000000000000e+00,0.000000000000000000e+00,0.000000000000000000e+00,0.000000000000000000e+00,0.000000000000000000e+00,0.000000000000000000e+00,0.000000000000000000e+00,0.000000000000000000e+00,0.000000000000000000e+00,0.000000000000000000e+00,0.000000000000000000e+00,0.000000000000000000e+00,0.000000000000000000e+00,0.000000000000000000e+00,0.000000000000000000e+00,0.000000000000000000e+00,0.000000000000000000e+00,0.000000000000000000e+00,0.000000000000000000e+00,0.000000000000000000e+00,0.000000000000000000e+00,0.000000000000000000e+00,0.000000000000000000e+00,0.000000000000000000e+00,0.000000000000000000e+00,0.000000000000000000e+00,0.000000000000000000e+00,0.000000000000000000e+00,0.000000000000000000e+00,0.000000000000000000e+00,0.000000000000000000e+00,0.000000000000000000e+00,0.000000000000000000e+00,0.000000000000000000e+00,0.000000000000000000e+00,0.000000000000000000e+00,0.000000000000000000e+00,0.000000000000000000e+00,0.000000000000000000e+00,0.000000000000000000e+00,0.000000000000000000e+00,0.000000000000000000e+00,0.000000000000000000e+00,0.000000000000000000e+00,0.000000000000000000e+00,0.000000000000000000e+00,0.000000000000000000e+00,0.000000000000000000e+00,0.000000000000000000e+00,0.000000000000000000e+00,0.000000000000000000e+00,0.000000000000000000e+00,0.000000000000000000e+00,0.000000000000000000e+00,0.000000000000000000e+00,0.000000000000000000e+00,0.000000000000000000e+00,0.000000000000000000e+00,0.000000000000000000e+00,0.000000000000000000e+00,0.000000000000000000e+00,0.000000000000000000e+00,0.000000000000000000e+00,0.000000000000000000e+00,0.000000000000000000e+00,0.000000000000000000e+00,0.000000000000000000e+00,0.000000000000000000e+00,0.000000000000000000e+00,0.000000000000000000e+00,0.000000000000000000e+00,0.000000000000000000e+00,0.000000000000000000e+00,0.000000000000000000e+00,0.000000000000000000e+00,0.000000000000000000e+00,0.000000000000000000e+00,0.000000000000000000e+00,0.000000000000000000e+00,0.000000000000000000e+00,0.000000000000000000e+00,0.000000000000000000e+00,0.000000000000000000e+00,0.000000000000000000e+00,0.000000000000000000e+00,0.000000000000000000e+00,0.000000000000000000e+00,0.000000000000000000e+00,0.000000000000000000e+00,0.000000000000000000e+00,0.000000000000000000e+00,0.000000000000000000e+00,0.000000000000000000e+00,0.000000000000000000e+00
4.255647859950934127e-04,4.255647859950934127e-04,4.452939993733743998e-04,4.550031539791213309e-04,4.646181771516925420e-04,4.741293834616907318e-04,4.835275224507611818e-04,4.928038441931000728e-04,5.019501169756835105e-04,5.109586402923437182e-04,5.198222532963420964e-04,5.285343389066463364e-04,5.370888238061160072e-04,5.454801746051318821e-04,5.537033904716853749e-04,5.617533083459521921e-04,5.696275201185102858e-04,5.773216571546203229e-04,5.848327155667026531e-04,5.878612197560263795e-04,5.807218420429365426e-04,5.738546633417325070e-04,5.635769015789480942e-04,5.504293212954529824e-04,5.355691818101612810e-04,5.196567563018941174e-04,5.032419151700283843e-04,4.867685841246835172e-04,4.705814886051659564e-04,4.549374613161441235e-04,4.400199421788532090e-04,4.259542762278750272e-04,4.124017399698066315e-04,3.987005086998226503e-04,3.846347311004533068e-04,3.696259574829137006e-04,3.559065985452178013e-04,3.459886579124029238e-04,3.373448227691939767e-04,3.288583667904498072e-04,3.205414869997956669e-04,3.123970582851347049e-04,3.044276135482043392e-04,2.966350560502458876e-04,2.890206968216988337e-04,2.815852861165799134e-04,2.743290472639465767e-04,2.672517119770478271e-04,2.603525564472395672e-04,2.536304376474471140e-04,2.470838293605030636e-04,2.407108575317167692e-04,2.345093346214321397e-04,2.284767927017324876e-04,2.226105151019427194e-04,2.169075664602750509e-04,2.113648210844934917e-04,2.059789895630840075e-04,2.007466436010532759e-04,1.956642390813809022e-04,1.907281373752970721e-04,1.859346249422256397e-04,1.812799312742613032e-04,1.767602452506980950e-04,1.723717299760945656e-04,1.681105361809046765e-04,1.639728142673404251e-04,1.599547250850723811e-04,1.560524495219946630e-04,1.522621969948609484e-04,1.485802129232141524e-04,1.450027852681001165e-04,1.415262502144645177e-04,1.381469970733569181e-04,1.348614724767722604e-04,1.316661839347856792e-04,1.285577028210939485e-04,1.255326668497528568e-04,1.225877821023655203e-04,1.197198246617276011e-04,1.169256419046105976e-04,1.142021535034200465e-04,1.115463521841068888e-04,1.089553042879573016e-04,1.064261501944839934e-04,1.039561047069230285e-04,1.015424576653793334e-04,9.918257559855902345e-05,9.687390689665643755e-05,9.461399765639989942e-05,9.240053706647451408e-05,9.023147699268181362e-05,8.810531814834203284e-05,8.602172325219665323e-05,8.398267401585294699e-05,8.199436123872379039e-05,8.006983815865055271e-05,7.823237529672149432e-05,7.652032332605481911e-05,7.499933191455110577e-05,7.381842199330850549e-05,0.000000000000000000e+00
5.034845895618428194e-04,5.034845895618428194e-04,5.263524576356714418e-04,5.375767425706040777e-04,5.486774737959075826e-04,5.596438326503936972e-04,5.704654919779072325e-04,5.811327666378486275e-04,5.916366286327392728e-04,6.019687164695002989e-04,6.121213390251039731e-04,6.220874742416710075e-04,6.318607630209362950e-04,6.414354987222050134e-04,6.508066126916643062e-04,6.599685852717864735e-04,6.689200099040529864e-04,6.776562172776380523e-04,6.861744820180699965e-04,6.913884402955881034e-04,6.863092877169796541e-04,6.786438906963424608e-04,6.715602572894546892e-04,6.633548616328044985e-04,6.513842546922427425e-04,6.365650585576340713e-04,6.196020086645241979e-04,6.011571391832834467e-04,5.818602591004744902e-04,5.622668681134879555e-04,5.428386569533785472e-04,5.213432442708546954e-04,4.833478213498721408e-04,4.480848957187172029e-04,4.155980308047303360e-04,3.857476063095779885e-04,3.589734183543691662e-04,3.360658111620394226e-04,3.225227816238182945e-04,3.151323035906192552e-04,3.077982098219085149e-04,3.005675141773344011e-04,2.934455985298284894e-04,2.864388588080805562e-04,2.795528269591816568e-04,2.727922625562419928e-04,2.661611796412828622e-04,2.596628810628354503e-04,2.532999965589758729e-04,2.470745234661713557e-04,2.409878690268757581e-04,2.350408934266886684e-04,2.292339528372400366e-04,2.235669418734505644e-04,2.180393349926042711e-04,2.126502264672668605e-04,2.073983686549180300e-04,2.022822083651441751e-04,1.972999211910067313e-04,1.924494437262826868e-04,1.877285036354497938e-04,1.831346475801137448e-04,1.786652670347536550e-04,1.743176220476665280e-04,1.700888630203970778e-04,1.659760505918672819e-04,1.619761737224926178e-04,1.580861660795285651e-04,1.543029208282336380e-04,1.506233039347927094e-04,1.470441660865613709e-04,1.435623533336286505e-04,1.401747165530725094e-04,1.368781198339687839e-04,1.336694478773980889e-04,1.305456125014790923e-04,1.275035583370708340e-04,1.245402677952715505e-04,1.216527653833417139e-04,1.188381214411672517e-04,1.160934553661275784e-04,1.134159383900979238e-04,1.108027959692581163e-04,1.082513098472323484e-04,1.057588198638350789e-04,1.033227256360619913e-04,1.009404884394841907e-04,9.860963428949625590e-05,9.632776127063707875e-05,9.409255985540563975e-05,9.190186913839008299e-05,8.975382278050775340e-05,8.764719449181392627e-05,8.558212964384975460e-05,8.356150480036354648e-05,8.159310100518447103e-05,7.969255570911232094e-05,7.788690678576354852e-05,7.621944512150807620e-05,7.476195839818826935e-05,7.367301750644275832e-05,1.547381217285533864e-19
5.137213189578280007e-04,5.137213189578280007e-04,5.369974449804322710e-04,5.484022620588894798e-04,5.596786101363082069e-04,5.708157568043712490e-04,5.818032851531553060e-04,5.926314422469938390e-04,6.032911534003577861e-04,6.137740305319935820e-04,6.240723748980960038e-04,6.341791745547869803e-04,6.440880969443636868e-04,6.537934770331084965e-04,6.632903014508310675e-04,6.725728053855478282e-04,6.816403738029414667e-04,6.904880170322335404e-04,6.991131061170524413e-04,7.049545834954867776e-04,7.007456129879785327e-04,6.942142488725003713e-04,6.869044581281580309e-04,6.795319881692752848e-04,6.722791153814733833e-04,6.618915816175164734e-04,6.483485711678463976e-04,6.323558983262243067e-04,6.145190302840200861e-04,5.954725215760971928e-04,5.751269300181699202e-04,5.413426391196554145e-04,4.986139332339222874e-04,4.591635929928707983e-04,4.231967608823562310e-04,3.906377063394680287e-04,3.613576198401761779e-04,3.353744011946014573e-04,3.137083919459715542e-04,3.002748774773700128e-04,2.937509499270859505e-04,2.872493172217834012e-04,2.808100099138927759e-04,2.744404604939180981e-04,2.681492499184160642e-04,2.619439991424229270e-04,2.558314601200679527e-04,2.498175368366301052e-04,2.439073169840275351e-04,2.381051096939051210e-04,2.324144877245773737e-04,2.268383326425951762e-04,2.213788817592962145e-04,2.160377757869039606e-04,2.108161063660559189e-04,2.057144627846474525e-04,2.007329773558797284e-04,1.958713690517967676e-04,1.911289850980404026e-04,1.865048403279858681e-04,1.819976541707864009e-04,1.776058852107014298e-04,1.733277633053200762e-04,1.691613192903960452e-04,1.651044123298106862e-04,1.611547549926424289e-04,1.573099361563919704e-04,1.535674418472080611e-04,1.499246741357423832e-04,1.463789682113184791e-04,1.429276077587882511e-04,1.395678387617041623e-04,1.362968818533335179e-04,1.331119433335077910e-04,1.300102249650541099e-04,1.269889326585973499e-04,1.240452841492034435e-04,1.211765157628325550e-04,1.183798883649320042e-04,1.156526925779498749e-04,1.129922533491125003e-04,1.103959339446666555e-04,1.078611394426669159e-04,1.053853197952991369e-04,1.029659725427478195e-04,1.006006453148338423e-04,9.828693845989776496e-05,9.602250881956995662e-05,9.380507774149413741e-05,9.163245218196120606e-05,8.950258208457331582e-05,8.741370834939396364e-05,8.536471198045223353e-05,8.335585138781081472e-05,8.139012770707261025e-05,7.947545637640553238e-05,7.762759372107650129e-05,7.587360703764046087e-05,7.425656529515641717e-05,7.284742754371019511e-05,7.180225368127643969e-05,4.132018278724408348e-20
5.146218150361389935e-04,5.146218150361389935e-04,5.380070010447064906e-04,5.494281769211279472e-04,5.607198851261355763e-04,5.718718437792492167e-04,5.828736331450889031e-04,5.937155000497339099e-04,6.043883720180113139e-04,6.148838654423841943e-04,6.251942881174693675e-04,6.353126364944441376e-04,6.452325880538687611e-04,6.549484892284312357e-04,6.644553393293311204e-04,6.737470797745374928e-04,6.828238112527426542e-04,6.916801577974415272e-04,7.003135061682261905e-04,7.062368538323839789e-04,7.023539586053458884e-04,6.963825727524589060e-04,6.895689365481951112e-04,6.826177911784851943e-04,6.753206892875727443e-04,6.682662402659188565e-04,6.588683654470817294e-04,6.462091015307822820e-04,6.310046559605616981e-04,6.138091098753300709e-04,5.942939491887647748e-04,5.595808440183796606e-04,5.155443615422643840e-04,4.744695495337744834e-04,4.367620766872387433e-04,4.024692000771390725e-04,3.714443784775078145e-04,3.435550711425089301e-04,3.189794045005124546e-04,2.986440319998404222e-04,2.865908857490536170e-04,2.806472598869315534e-04,2.746888497094237907e-04,2.687640058963423374e-04,2.628821671010078166e-04,2.570534369617584773e-04,2.512869264406641262e-04,2.455908126218791956e-04,2.399723537547564982e-04,2.344379168039672622e-04,2.289930133588902823e-04,2.236423418054306637e-04,2.183898338944302456e-04,2.132387041143921785e-04,2.081915005349728573e-04,2.032501560261825140e-04,1.984160389727864296e-04,1.936900027926888475e-04,1.890724337321519552e-04,1.845632965504672622e-04,1.801621778242765582e-04,1.758683266988353064e-04,1.716806929928349739e-04,1.675979626268722449e-04,1.636185903957340150e-04,1.597408301433049125e-04,1.559627624278762264e-04,1.522823197867926442e-04,1.486973097238484458e-04,1.452054355522549374e-04,1.418043152310209600e-04,1.384914983344615047e-04,1.352644812937454292e-04,1.321207210466758466e-04,1.290576472278474559e-04,1.260726730260480278e-04,1.231632048300430361e-04,1.203266507775254009e-04,1.175604283155761955e-04,1.148619708744369944e-04,1.122287337499243149e-04,1.096581992837229188e-04,1.071478814255800484e-04,1.046953297594862100e-04,1.022981330858909425e-04,9.995392270562971303e-05,9.766037575396237908e-05,9.541521961317057877e-05,9.321624050957950675e-05,9.106130517318895281e-05,8.894841880268398223e-05,8.687587376619203359e-05,8.484259982169976768e-05,8.284890305381067542e-05,8.089783339111053821e-05,7.899735830263436413e-05,7.716328998433752016e-05,7.542275330773057685e-05,7.381887368213120267e-05,7.242267605773211364e-05,7.139040889916967029e-05,8.559791446859119022e-21
5.144546344018853176e-04,5.144546344018853176e-04,5.380114094359702854e-04,5.494330782113331308e-04,5.607241992886347146e-04,5.718755011745967325e-04,5.828765684509425345e-04,5.937176525778668605e-04,6.043896861020485369e-04,6.148842907467201059e-04,6.251937798655627689e-04,6.353111556163027786e-04,6.452301012540513679e-04,6.549449689773542693e-04,6.644507637819902597e-04,6.737411265467258426e-04,6.828168611945724040e-04,6.916721975398401178e-04,7.003045271413644223e-04,7.061981726566907060e-04,7.024105283258043212e-04,6.966959634624485991e-04,6.901674999977375430e-04,6.835581501352323884e-04,6.768026980897449757e-04,6.696637169790960230e-04,6.625659781544205760e-04,6.536457940501180916e-04,6.414593592146493849e-04,6.267068192409826557e-04,6.094250507179899481e-04,5.761774328727986777e-04,5.318989771323674731e-04,4.899801087347015758e-04,4.510571450195863339e-04,4.153551534339702919e-04,3.828410716173182796e-04,3.534120407792490067e-04,3.270712572845102788e-04,3.040063896596727493e-04,2.853324951333064373e-04,2.754795893101203113e-04,2.699777444304103484e-04,2.644503029143036163e-04,2.589345257069808749e-04,2.534416651730673716e-04,2.479828691855393507e-04,2.425682957232563202e-04,2.372071305494791800e-04,2.319075963956901312e-04,2.266769759406152783e-04,2.215216451646602708e-04,2.164471145570469367e-04,2.114580759621262720e-04,2.065584531699921425e-04,2.017514546616116231e-04,1.970396272008799997e-04,1.924249092207513273e-04,1.879086831753777912e-04,1.834918262249417981e-04,1.791747587858176960e-04,1.749574906176675577e-04,1.708396642339642406e-04,1.668205955156852453e-04,1.628993114825737698e-04,1.590745852349047154e-04,1.553449681237226230e-04,1.517088192412267421e-04,1.481643323473548501e-04,1.447095603653920546e-04,1.413424375900890586e-04,1.380607997575831461e-04,1.348624021284537428e-04,1.317449357343161947e-04,1.287060419352387803e-04,1.257433254306742894e-04,1.228543658606346073e-04,1.200367281273848568e-04,1.172879715608435942e-04,1.146056580436706653e-04,1.119873592048033228e-04,1.094306627831899583e-04,1.069331782574669209e-04,1.044925418344088986e-04,1.021064208983303367e-04,9.977251807639578177e-05,9.748857527768578447e-05,9.525237874539867970e-05,9.306176824588897856e-05,9.091465931060990909e-05,8.880910186341250370e-05,8.674342986782439377e-05,8.471661319441163584e-05,8.272899962385944815e-05,8.078368783717509126e-05,7.888870997270572847e-05,7.705997179703410159e-05,7.532473942553601770e-05,7.372636082743798858e-05,7.233625787112940456e-05,7.131167288534918773e-05,1.443053591048570889e-21
5.140200600250522181e-04,5.140200600250522181e-04,5.379519887420207121e-04,5.493740223022666302e-04,5.606633158721312758e-04,5.718127434927235435e-04,5.828118955395602879e-04,5.936510289336915415e-04,6.043210819455320688e-04,6.148136822092713574e-04,6.251211491001923371e-04,6.352364908323767647e-04,6.451533966781456070e-04,6.548662247435920510e-04,6.643699857563724115e-04,6.736580221760584547e-04,6.827318358635774695e-04,6.915852655377763237e-04,7.002157070483538016e-04,7.060668588651268984e-04,7.022935669211997564e-04,6.966905538618179804e-04,6.903028472195947779e-04,6.838640966202474579e-04,6.773912351034091324e-04,6.707468345573264082e-04,6.637069983077240488e-04,6.565376712525719787e-04,6.477066971385098517e-04,6.356528787363616758e-04,6.209384876865112072e-04,5.900546634028346320e-04,5.462573299644410494e-04,5.041020569148125770e-04,4.644408062034695349e-04,4.276894708358226728e-04,3.939615215929463156e-04,3.632437974056927643e-04,3.355369986565893297e-04,3.108354911343388471e-04,2.894566525435144505e-04,2.728715010935928859e-04,2.655129388360475068e-04,2.603739121214917215e-04,2.552081460597526580e-04,2.500375111235027801e-04,2.448746018794673409e-04,2.397312567816855947e-04,2.346183344382011138e-04,2.295457010126889766e-04,2.245222341433362871e-04,2.195558419302973379e-04,2.146534938787246797e-04,2.098212609481604686e-04,2.050643622175947044e-04,2.003872160317930176e-04,1.957934938370137494e-04,1.912861752322389411e-04,1.868676030491696674e-04,1.825395375275853580e-04,1.783032088719613566e-04,1.741593676616884042e-04,1.701083327432233335e-04,1.661500363608720498e-04,1.622840663870322715e-04,1.585097055956793336e-04,1.548259679876982529e-04,1.512316322264187489e-04,1.477252722787318411e-04,1.443052853837612274e-04,1.409699174893628702e-04,1.377172863081907342e-04,1.345454021511849319e-04,1.314521866984441406e-04,1.284354898662583831e-04,1.254931049255815826e-04,1.226227820220650170e-04,1.198222402413669940e-04,1.170891783562748209e-04,1.144212843845915400e-04,1.118162440789989434e-04,1.092717484623960964e-04,1.067855005155486729e-04,1.043552211202545388e-04,1.019786543697938027e-04,9.965357241078229636e-05,9.737778018348579485e-05,9.514912111104296760e-05,9.296548687983487201e-05,9.082484026753096635e-05,8.872527444834751344e-05,8.666516363356280641e-05,8.464351670840476434e-05,8.266072259197210909e-05,8.071992931875764652e-05,7.882923662419392627e-05,7.700465104570191081e-05,7.527359436758662454e-05,7.367966346330541004e-05,7.229472581323089734e-05,7.127713005954425902e-05,2.047323791115906058e-22
5.132130499905215902e-04,5.132130499905215902e-04,5.379354277684409141e-04,5.493602571968973910e-04,5.606478076524531095e-04,5.717954035765871303e-04,5.827926443562868059e-04,5.936297935814000611e-04,6.042977965677804372e-04,6.147882882814745481e-04,6.250935956239852057e-04,6.352067344387934489e-04,6.451214016420998062e-04,6.548319629135599014e-04,6.643334364045188831e-04,6.736188707939462419e-04,6.826904605764840808e-04,6.915416597001732306e-04,7.001698694791801125e-04,7.059779195924095925e-04,7.021986370960533368e-04,6.966326686000114902e-04,6.903264641590393328e-04,6.839605002731842650e-04,6.776036564637368149e-04,6.712024347024774396e-04,6.646020918231203192e-04,6.575690659368357361e-04,6.503378591079431691e-04,6.412832342639210662e-04,6.290851446627416773e-04,6.011201791432455033e-04,5.583716780811433158e-04,5.165157673648144293e-04,4.765731595592205918e-04,4.391394192854429111e-04,4.044837460275024386e-04,3.727065251210184924e-04,3.438640885411670600e-04,3.179268478377621871e-04,2.949603041113103884e-04,2.754762511082463686e-04,2.616679385810938546e-04,2.563972551931831051e-04,2.515681062870211504e-04,2.467089302834376825e-04,2.418328767369387839e-04,2.369532273983949338e-04,2.320822549667353517e-04,2.272312540226482870e-04,2.224105172975447860e-04,2.176293354497858682e-04,2.128960132231717058e-04,2.082178986695462923e-04,2.036014223528149168e-04,1.990521438378330739e-04,1.945748031545032014e-04,1.901733753000910230e-04,1.858511261885639179e-04,1.816106687677075714e-04,1.774540182996598413e-04,1.733826460378567027e-04,1.693975307347116632e-04,1.654992075822599433e-04,1.616878143258654863e-04,1.579631344023732422e-04,1.543246370425226642e-04,1.507715143462427451e-04,1.473027153919721766e-04,1.439169774800070744e-04,1.406128546377158773e-04,1.373887435333051360e-04,1.342429069565104021e-04,1.311734950307414684e-04,1.281785643229108073e-04,1.252560950157730220e-04,1.224040063035233795e-04,1.196201701658435029e-04,1.169024236685981558e-04,1.142485799317879974e-04,1.116564378973016472e-04,1.091237910209720503e-04,1.066484350060986196e-04,1.042281746914921803e-04,1.018608302150132770e-04,9.954424262553203211e-05,9.727627931924570637e-05,9.505484036181079371e-05,9.287786885690585458e-05,9.074337435851927657e-05,8.864949285445825186e-05,8.659463840485945817e-05,8.457785856282683105e-05,8.259958312354229095e-05,8.066300935920465141e-05,7.877630473441744787e-05,7.695557707715568500e-05,7.522840491872310933e-05,7.363863591483725611e-05,7.225858645185817032e-05,7.124771901320410951e-05,1.519098822661450086e-19
5.117182245455017490e-04,5.117182245455017490e-04,5.380200042715604838e-04,5.494528158236196757e-04,5.607389619373578634e-04,5.718849677256486810e-04,5.828804519789469209e-04,5.937156875195269629e-04,6.043816295300861270e-04,6.148699233600018327e-04,6.251729066837704999e-04,6.352836063820649446e-04,6.451957305502974398e-04,6.549036560723360805e-04,6.644024122184501559e-04,6.736847618367142881e-04,6.827535857739708064e-04,6.916019637234494801e-04,7.002273051991294130e-04,7.059906474865406019e-04,7.022018379131345555e-04,6.966416929879792972e-04,6.903790748909159223e-04,6.840488828292130884e-04,6.777240490729299557e-04,6.714053433591495165e-04,6.650202818358090301e-04,6.583800887772052815e-04,6.512966994384602679e-04,6.439495688206888988e-04,6.343856885773053143e-04,6.095248191452032338e-04,5.682329547294251871e-04,5.271220945185792553e-04,4.873120680551306489e-04,4.495486598763523715e-04,4.142513481960001108e-04,3.816425504393529682e-04,3.518588709955858002e-04,3.249047703656332553e-04,3.007838893371800673e-04,2.796593025816076919e-04,2.623771141589365343e-04,2.524927250893177922e-04,2.480159842753548271e-04,2.434560077553925956e-04,2.388575608334571831e-04,2.342338324447527020e-04,2.295982984195326759e-04,2.249634677120209488e-04,2.203408685116589074e-04,2.157410234389140922e-04,2.111734469442155978e-04,2.066466600279756062e-04,2.021682186843366911e-04,1.977447528246566134e-04,1.933820128452454830e-04,1.890849214159483769e-04,1.848576284620964867e-04,1.807035676788011776e-04,1.766255132463178117e-04,1.726256357047977028e-04,1.687055561959899589e-04,1.648663984902055176e-04,1.611088383919125652e-04,1.574331502605693495e-04,1.538392504983794606e-04,1.503267379477762607e-04,1.468949312119050650e-04,1.435429029648636900e-04,1.402695113578751466e-04,1.370734286553297447e-04,1.339531672534197962e-04,1.309071032453525195e-04,1.279334977028264580e-04,1.250305158446599432e-04,1.221962442614916284e-04,1.194287063608824465e-04,1.167258761910814182e-04,1.140856907942850855e-04,1.115060612321951627e-04,1.089848824184362527e-04,1.065200418847122953e-04,1.041094276029603394e-04,1.017509349932859130e-04,9.944247329904515298e-05,9.718197171371531419e-05,9.496738633189448150e-05,9.279671110388931147e-05,9.066800183302477331e-05,8.857943684380618487e-05,8.652946963511128802e-05,8.451718611642925210e-05,8.254305679154948943e-05,8.061032818300170502e-05,7.872723564552363607e-05,7.690998842360329219e-05,7.518632149893231590e-05,7.360033204450095780e-05,7.222478250428103551e-05,7.122024359538817683e-05,4.084946999085867026e-20
5.090152054489729700e-04,5.090152054489729700e-04,5.383044110315750698e-04,5.497561863827447274e-04,5.610415658169983682e-04,5.721864127908748597e-04,5.831803993369891323e-04,5.940138127706088515e-04,6.046776238778052903e-04,6.151634945791519980e-04,6.254637798914526722e-04,6.355715246143016839e-04,6.454804551493604006e-04,6.551849668923733026e-04,6.646801076594051122e-04,6.739583685282368990e-04,6.830233087692419956e-04,6.918676518075781616e-04,7.004888210701314599e-04,7.061978304050991638e-04,7.023993928596432897e-04,6.968216018412304183e-04,6.905522193390491864e-04,6.842229197228527366e-04,6.778738634542824182e-04,6.715137731900871435e-04,6.651637876366498859e-04,6.586909275357653946e-04,6.520504140087565780e-04,6.449455878767179672e-04,6.372640043156828100e-04,6.154759408630910891e-04,5.758712732008196495e-04,5.358414164151961701e-04,4.965163718960030484e-04,4.587481733953814199e-04,4.230877062139151430e-04,3.898772543907370533e-04,3.593433903703879026e-04,3.315488867829952655e-04,3.065057356986428420e-04,2.842587606732388766e-04,2.651429414984806895e-04,2.506142452345656965e-04,2.445663997546895720e-04,2.403009204679211897e-04,2.359698881408162248e-04,2.315935758612195120e-04,2.271862554757991153e-04,2.227614452087965094e-04,2.183317321189563818e-04,2.139087213787962288e-04,2.095030115460835233e-04,2.051241915472989605e-04,2.007808553774004061e-04,1.964806307693872049e-04,1.922302184897116688e-04,1.880354393463400141e-04,1.839012864285962951e-04,1.798319805112607867e-04,1.758310269360139570e-04,1.719012726242210155e-04,1.680449621731989226e-04,1.642637922435791122e-04,1.605589636603350044e-04,1.569312308279974147e-04,1.533809482053247490e-04,1.499081137005024928e-04,1.465124089391389359e-04,1.431932364274551514e-04,1.399497536858311097e-04,1.367809044664822617e-04,1.336854471959769502e-04,1.306619808010306579e-04,1.277089680865419244e-04,1.248247568395536168e-04,1.220075988334130861e-04,1.192556669035769410e-04,1.165670702615145127e-04,1.139398682064220197e-04,1.113720823866855443e-04,1.088617077548181583e-04,1.064067223517164035e-04,1.040050960511914734e-04,1.016547984028888995e-04,9.935380576309364004e-05,9.710010810668061906e-05,9.489171660379204954e-05,9.272667516081868437e-05,9.060308501038944753e-05,8.851916608686052988e-05,8.647341074503059550e-05,8.446494290508964244e-05,8.249427380198741670e-05,8.056469970672299179e-05,7.868452476668837657e-05,7.687006048692387441e-05,7.514919811926465464e-05,7.356628185653022833e-05,7.219451413263102064e-05,7.119556251438293175e-05,1.603428143296612015e-19
5.043360379434041465e-04,5.043360379434041465e-04,5.389615272987669523e-04,5.504560788764317021e-04,5.617418246026623443e-04,5.728862114059395105e-04,5.838790738203093874e-04,5.947107240416022031e-04,6.053721595525199221e-04,6.158550707722409371e-04,6.261518426886332044e-04,6.362555512192355793e-04,6.461599547137439250e-04,6.558594810420803655e-04,6.653492107327283345e-04,6.746213880453059888e-04,6.836802402852625938e-04,6.925181653580770973e-04,7.011326119442751279e-04,7.067576325051424689e-04,7.027290814147844466e-04,6.970035511098324329e-04,6.906054874919429236e-04,6.841794655126850772e-04,6.777579306426699925e-04,6.713469915837183121e-04,6.650236661169292400e-04,6.587127831357120862e-04,6.523221086806037889e-04,6.456522161801581160e-04,6.384218786016838303e-04,6.191400097297257172e-04,5.813028566269461475e-04,5.425609269472847539e-04,5.039932492393987568e-04,4.665032421530954836e-04,4.307426199811154543e-04,3.971611704262494351e-04,3.660746573900308990e-04,3.376146440796007125e-04,3.118278721208057836e-04,2.887338719357206759e-04,2.684667987893104950e-04,2.516956355997339995e-04,2.412898923431131654e-04,2.372827382010131306e-04,2.332068933337608501e-04,2.290683959929874476e-04,2.248809433473317838e-04,2.206589091088627483e-04,2.164157675480054806e-04,2.121640607794711745e-04,2.079153477605887219e-04,2.036801808751865204e-04,1.994681043032251366e-04,1.952876700437712967e-04,1.911464677791265801e-04,1.870511651928463356e-04,1.830075558056625939e-04,1.790206118419567687e-04,1.750945400644234810e-04,1.712328389036134899e-04,1.674383555551577497e-04,1.637133420183663559e-04,1.600595093065899780e-04,1.564780792742738198e-04,1.529698336824920240e-04,1.495351602676402072e-04,1.461740956919107214e-04,1.428863653429093545e-04,1.396714200179123078e-04,1.365284695788499436e-04,1.334565137008158304e-04,1.304543698620097883e-04,1.275206987393364365e-04,1.246540271829304700e-04,1.218527689465193851e-04,1.191152433501676947e-04,1.164396920482513748e-04,1.138242940699236717e-04,1.112671792920647056e-04,1.087664404966885316e-04,1.063201441569479468e-04,1.039263400908380265e-04,1.015830701286103092e-04,9.928837599133870590e-05,9.704030678261702978e-05,9.483692718920813994e-05,9.267632961359633704e-05,9.055665937668175975e-05,8.847617685262047739e-05,8.643341236549163798e-05,8.442752744621089000e-05,8.245907443274114374e-05,8.053140072477561957e-05,7.865288151347947206e-05,7.683993273548128666e-05,7.512060202970218523e-05,7.353947609173236432e-05,7.217018589661199600e-05,7.117547502592943501e-05,4.228780080669482583e-20
4.966791316303024485e-04,4.966791316303024485e-04,5.402759494160021964e-04,5.518644546196056332e-04,5.631525054224829777e-04,5.742974468731077255e-04,5.852896183591075295e-04,5.961193770677610101e-04,6.067777676351530014e-04,6.172565308843418587e-04,6.275481048912218097e-04,6.376456207835597004e-04,6.475428936977075008e-04,6.572344093433294451e-04,6.667153066462582064e-04,6.759776263735733665e-04,6.850262501412164801e-04,6.938533015699551235e-04,7.024562759927428313e-04,7.079237128873728906e-04,7.026210404608456729e-04,6.963609681882414193e-04,6.901014486283604116e-04,6.837261948581642781e-04,6.773316756613883671e-04,6.709559080684156978e-04,6.646421762788668397e-04,6.584152688924664295e-04,6.522158012748719086e-04,6.458824850750869437e-04,6.390940737202263112e-04,6.206349034504358899e-04,5.844920034487723418e-04,5.470953901142395701e-04,5.094565398491486020e-04,4.724689116555873150e-04,4.368453727457672449e-04,4.031209627741819145e-04,3.716906081780660550e-04,3.427550588592971907e-04,3.164050688823720459e-04,2.926724750690051910e-04,2.716160879573365329e-04,2.535680358451860542e-04,2.399517551915878334e-04,2.344553655271929362e-04,2.306279832043333646e-04,2.267157734198121087e-04,2.227381342312326228e-04,2.187099454715002813e-04,2.146454116416368087e-04,2.105578734222464713e-04,2.064597310774853435e-04,2.023623985469406058e-04,1.982762833909910093e-04,1.942107881629694045e-04,1.901743289873130175e-04,1.861743675148800703e-04,1.822174528765623490e-04,1.783092707260517686e-04,1.744546969233879167e-04,1.706578538426361375e-04,1.669221676789636082e-04,1.632504254762572374e-04,1.596448308951791220e-04,1.561070579945296444e-04,1.526383025090786571e-04,1.492393302792299216e-04,1.459105226260171606e-04,1.426519185744376376e-04,1.394632539127126764e-04,1.363439971394002435e-04,1.332933823976056452e-04,1.303104395292667059e-04,1.273940214052976126e-04,1.245428287013928821e-04,1.217554322968066846e-04,1.190302934755621474e-04,1.163657821080080380e-04,1.137601929861170857e-04,1.112117604796403908e-04,1.087186716725075687e-04,1.062790781313208475e-04,1.038911064526166854e-04,1.015528677425699572e-04,9.926246623436860302e-05,9.701800745453517010e-05,9.481760704844090367e-05,9.265940351757855824e-05,9.054158407601957750e-05,8.846244764588873512e-05,8.642056114745620893e-05,8.441512325394334444e-05,8.244672837973710260e-05,8.051877790704234763e-05,7.863972253217103316e-05,7.682608689356676347e-05,7.510607541003705629e-05,7.352450904806395130e-05,7.215542637726056832e-05,7.116260934102447693e-05,1.606551874748885057e-19
4.849523108758670696e-04,4.849523108758670696e-04,5.426867873886809636e-04,5.544730524980391075e-04,5.657666127768556149e-04,5.769133284151278535e-04,5.879050415468996043e-04,5.987321936987958669e-04,6.093859127620950130e-04,6.198580283965711597e-04,6.301410721442899689e-04,6.402282722628797320e-04,6.501135437465857493e-04,6.597914739958141280e-04,6.692573046138776665e-04,6.785029455423562074e-04,6.875339147867163669e-04,6.963421438229137244e-04,7.048944911891375040e-04,7.079670584252614751e-04,7.017497763466657660e-04,6.956399841791610856e-04,6.893467106967587910e-04,6.830120889560246066e-04,6.766593293219026750e-04,6.703242593430768816e-04,6.640517841353233254e-04,6.578704118523325808e-04,6.517755227339979600e-04,6.456635671362449640e-04,6.392639069209763011e-04,6.203323518371970952e-04,5.852945126044923653e-04,5.491422787965512427e-04,5.124815638051821894e-04,4.761432308352803590e-04,4.408560640250848710e-04,4.072093953320671147e-04,3.756581401426337856e-04,3.464625982928648670e-04,3.197572176922297972e-04,2.955990415076370221e-04,2.740272550158934770e-04,2.552295351280860409e-04,2.400400346498141719e-04,2.319093759953972029e-04,2.283223772416671717e-04,2.246220531752763077e-04,2.208416597286219337e-04,2.169958853416839356e-04,2.130995402611114697e-04,2.091666370723600852e-04,2.052103067630374933e-04,2.012427284044092943e-04,1.972750891921564115e-04,1.933175696662261167e-04,1.893793495661915218e-04,1.854686300958904150e-04,1.815926687985102306e-04,1.777578237193083244e-04,1.739696040190788137e-04,1.702327246701093805e-04,1.665511633002070410e-04,1.629282176399363558e-04,1.593665623689185552e-04,1.558683044489218080e-04,1.524350362766586247e-04,1.490678861916182036e-04,1.457675660385082900e-04,1.425344156150510971e-04,1.393684439384274259e-04,1.362693673426750018e-04,1.332366444783734017e-04,1.302695083289496754e-04,1.273669953880076820e-04,1.245279721616812435e-04,1.217511591716796687e-04,1.190351526399681170e-04,1.163784440366765171e-04,1.137794376699127860e-04,1.112364664907730970e-04,1.087478062798373230e-04,1.063116883741205829e-04,1.039263110884364178e-04,1.015898499922267967e-04,9.930046725516227055e-05,9.705632048322817217e-05,9.485557217401045446e-05,9.269640308474557582e-05,9.057703881700220820e-05,8.849581385246362399e-05,8.645132961416041810e-05,8.444282138982546178e-05,8.247092763047035038e-05,8.053910887832391435e-05,7.865589919743226437e-05,7.683793928874686221e-05,7.511359079279895695e-05,7.352789430688664511e-05,7.215525931063941092e-05,7.116044038393259789e-05,4.236821150180876102e-20
4.683022580441273289e-04,4.683022580441273289e-04,5.468316460064460462e-04,5.590046154005661079e-04,5.703086890960851543e-04,5.814580404417828184e-04,5.924485714748304330e-04,6.032708874750241767e-04,6.139162608385132728e-04,6.243766746768756194e-04,6.346448214537985010e-04,6.447140961999794136e-04,6.545785849717810365e-04,6.642330490314728598e-04,6.736729052411052172e-04,6.828900498008721011e-04,6.918906138089732849e-04,7.006664626512451848e-04,7.088878242044283984e-04,7.061065482754766334e-04,7.007531647905276091e-04,6.945802592123131612e-04,6.883224932896374370e-04,6.820440776404177808e-04,6.757500880004760737e-04,6.694757458084071074e-04,6.632542538941622618e-04,6.571173829759829887e-04,6.510808834150992727e-04,6.450683152237970952e-04,6.388494292765153036e-04,6.176973556603475865e-04,5.833934533260249147e-04,5.482077939713878674e-04,5.124473613396266988e-04,4.768177439907390642e-04,4.420207649159436816e-04,4.086633632396443911e-04,3.772327154859605948e-04,3.480294085883861317e-04,3.212225548035353294e-04,2.968945335844195622e-04,2.750884377794435482e-04,2.559369265541110074e-04,2.400271250554496629e-04,2.298959565313944090e-04,2.264133122828275967e-04,2.229075221939221083e-04,2.193082739599871371e-04,2.156299941892780815e-04,2.118879855461767720e-04,2.080968248261298498e-04,2.042702768330722477e-04,2.004211987287940250e-04,1.965614794109516014e-04,1.927020077213510100e-04,1.888526647045468438e-04,1.850223353402946408e-04,1.812189355593715084e-04,1.774494508204975114e-04,1.737199830276114822e-04,1.700358030657500694e-04,1.664014067061452917e-04,1.628205720622713493e-04,1.592964171606646418e-04,1.558314565213313370e-04,1.524276559229916579e-04,1.490864847621201908e-04,1.458089656057492056e-04,1.425957206917695538e-04,1.394470152518755360e-04,1.363627976265390429e-04,1.333427362128103313e-04,1.303862533385819324e-04,1.274925561945715921e-04,1.246606649808908163e-04,1.218894384411542842e-04,1.191775969656662723e-04,1.165237434483068187e-04,1.139263820804799866e-04,1.113839352612178916e-04,1.088947587962520327e-04,1.064571555519005169e-04,1.040693877248476530e-04,1.017296878963479446e-04,9.943626909275308644e-05,9.718733428685487352e-05,9.498108649414657961e-05,9.281574281732078106e-05,9.068956188455224441e-05,8.860090922293762023e-05,8.654841770948165365e-05,8.453135874941745541e-05,8.255041835532575165e-05,8.060912488418587847e-05,7.871610855391503962e-05,7.688813772211429800e-05,7.515373117235106223e-05,7.355812422475248996e-05,7.217603632635251104e-05,7.117308547477134895e-05,8.727794447845854768e-21
4.466052864839285233e-04,4.466052864839285233e-04,5.535876467071468429e-04,5.664400373879783243e-04,5.777613387800446939e-04,5.889122480644312218e-04,5.998981230654061407e-04,6.107098922803858325e-04,6.213390729184043284e-04,6.317779059016491927e-04,6.420193525766453631e-04,6.520570853193131868e-04,6.618854734854369166e-04,6.714995652138013157e-04,6.808945169987581795e-04,6.900640270774116005e-04,6.990131944969763152e-04,7.077280820880378891e-04,7.102537742338505249e-04,7.047793071671513022e-04,6.993006539926588860e-04,6.931412741291184763e-04,6.869344844486674267e-04,6.807101618767900280e-04,6.744710166301093454e-04,6.682320110488537213e-04,6.620343546120735761e-04,6.559130810978041921e-04,6.498771715539082170e-04,6.438680859835882193e-04,6.376780768627308364e-04,6.117788474959968796e-04,5.780023711245805976e-04,5.434689554682886571e-04,5.084481560664535918e-04,4.735218082430272700e-04,4.393384048075663745e-04,4.064856574331298495e-04,3.754494990788199136e-04,3.465435869467203855e-04,3.199549071494077359e-04,2.957837325110459440e-04,2.740851913759262035e-04,2.549879389669167280e-04,2.390243554009131334e-04,2.284841288446245208e-04,2.250568915615373876e-04,2.217241805778591098e-04,2.182854391998703214e-04,2.147552572117914025e-04,2.111493259969110731e-04,2.074827059901720745e-04,2.037697184110263808e-04,2.000238251680227976e-04,1.962575476488532969e-04,1.924824178670879145e-04,1.887089569903354161e-04,1.849466763623958468e-04,1.812040964624964600e-04,1.774887796951517640e-04,1.738073734144505902e-04,1.701656601114963970e-04,1.665686122018593244e-04,1.630204493211324869e-04,1.595246964596212563e-04,1.560842416369061139e-04,1.527013921330720942e-04,1.493779285584127131e-04,1.461151562615853154e-04,1.429139537527267440e-04,1.397748179585274963e-04,1.366979062358539331e-04,1.336830751544497485e-04,1.307299161218452427e-04,1.278377879689636539e-04,1.250058466464124831e-04,1.222330722019168020e-04,1.195182932213547793e-04,1.168602089211599564e-04,1.142574090803548235e-04,1.117083919972530526e-04,1.092115806502701430e-04,1.067653372356998132e-04,1.043679762508550434e-04,1.020177762989316002e-04,9.971299084740872993e-05,9.745185839100457045e-05,9.523261320980887094e-05,9.305350016532489292e-05,9.091280319172700833e-05,8.880891247227259359e-05,8.674048823522512999e-05,8.470683784030716825e-05,8.270870082553366857e-05,8.074968698829435856e-05,7.883854219714500318e-05,7.699217942866357480e-05,7.523927295441090724e-05,7.362521270207914926e-05,7.222493262534528319e-05,7.120474287078312195e-05,1.468625682822900251e-21
4.209416042150466281e-04,4.209416042150466281e-04,5.641008310473428090e-04,5.779892353469209864e-04,5.893331205718002012e-04,6.004790369843247908e-04,6.114503531545993501e-04,6.222386061114353484e-04,6.328357163081089597e-04,6.432343443362567885e-04,6.534278857834302642e-04,6.634104578293051942e-04,6.731768813662760169e-04,6.827226592046626175e-04,6.920431626387950515e-04,7.011332356326016981e-04,7.099978127768150071e-04,7.133572603710551952e-04,7.079688448287296603e-04,7.031376124249697325e-04,6.971297379505434454e-04,6.909456945497451834e-04,6.847270410025239592e-04,6.784773705443040374e-04,6.722066176623683626e-04,6.659332241640647607e-04,6.596904008756257660e-04,6.535121276218932782e-04,6.474073599687491616e-04,6.413178427886464606e-04,6.319572502060843066e-04,6.011394536141906894e-04,5.676718072077460188e-04,5.335900440173754842e-04,4.991821158732413733e-04,4.649759628099306994e-04,4.315624773088968602e-04,3.994801545858128093e-04,3.691797996879196404e-04,3.409578539236397202e-04,3.149994194096619455e-04,2.914111989066602319e-04,2.702661057717606710e-04,2.517390625748300932e-04,2.365001335594023096e-04,2.274883616654048196e-04,2.244261431188001048e-04,2.212396501590437633e-04,2.179355906279954248e-04,2.145289803519678893e-04,2.110358385717220591e-04,2.074716615362012047e-04,2.038512734417733307e-04,2.001886841031081613e-04,1.964969882461560752e-04,1.927883005511443000e-04,1.890737212667344591e-04,1.853633272137001665e-04,1.816661832673381323e-04,1.779903698381539933e-04,1.743430223883146799e-04,1.707303795716845355e-04,1.671578371289684389e-04,1.636300051809212882e-04,1.601507670261286096e-04,1.567233379582768662e-04,1.533503229691340626e-04,1.500337724993368153e-04,1.467752356438808763e-04,1.435758104178959382e-04,1.404361908471551588e-04,1.373567107721283733e-04,1.343373843500744703e-04,1.313779433115402754e-04,1.284778710800976709e-04,1.256364339009792888e-04,1.228527091488275326e-04,1.201256109995655101e-04,1.174539136588575436e-04,1.148362723413774190e-04,1.122712421928285056e-04,1.097572953415251208e-04,1.072928362600156644e-04,1.048762156130864299e-04,1.025057427772728706e-04,1.001796972756571123e-04,9.789633960156096941e-05,9.565392267516309379e-05,9.345070750956930401e-05,9.128499305873186034e-05,8.915518589036586748e-05,8.705996872445111406e-05,8.499868579652791203e-05,8.297213990593565027e-05,8.098404274654428289e-05,7.904328394358446034e-05,7.716694429375663188e-05,7.538384870925716281e-05,7.373948096544853236e-05,7.230884927470404219e-05,7.125870420272323476e-05,2.085050961548201211e-22
3.937588370053213011e-04,3.937588370053213011e-04,5.797734237044256103e-04,5.949694743030658865e-04,6.063295331577347189e-04,6.174517662247055181e-04,6.283856528189125023e-04,6.391237251394564153e-04,6.496585453342389269e-04,6.599834330633000097e-04,6.700924587373408188e-04,6.799804243085461487e-04,6.896428399014096740e-04,6.990755092266884426e-04,7.082756227520484605e-04,7.169748966075763751e-04,7.145746041390333347e-04,7.106667269127763800e-04,7.055840718326047371e-04,6.994988633565325364e-04,6.932063729811752725e-04,6.868636314396795286e-04,6.804759086580508673e-04,6.740479798780703866e-04,6.675926545255958869e-04,6.611357995147032268e-04,6.547108073827879841e-04,6.483524800718501544e-04,6.420679105242028733e-04,6.357927402113460347e-04,6.153380850374997159e-04,5.832810804049951090e-04,5.502222772466977725e-04,5.166498099865897290e-04,4.829440569958570522e-04,4.496544862562251331e-04,4.173201392623338652e-04,3.864106769104648639e-04,3.573147013224056549e-04,3.302882490427864266e-04,3.054990884490778520e-04,2.830536473226308975e-04,2.630704986760869831e-04,2.458844801835187942e-04,2.327627544103179531e-04,2.275970849346720711e-04,2.246735217759216721e-04,2.216016416811918599e-04,2.184013446444296519e-04,2.150887993537928180e-04,2.116803399629521099e-04,2.081918830544451720e-04,2.046387253505462433e-04,2.010353818590674942e-04,1.973954680505821547e-04,1.937316210061368869e-04,1.900554541216978560e-04,1.863775398746998443e-04,1.827074153801499514e-04,1.790536058836235812e-04,1.754236618712737348e-04,1.718242060581986618e-04,1.682609870996241714e-04,1.647389374228204603e-04,1.612622330828852022e-04,1.578343539923603611e-04,1.544581432602020723e-04,1.511358647011114362e-04,1.478692578457206489e-04,1.446595900014219303e-04,1.415077050886631271e-04,1.384140691150462395e-04,1.353788122553102840e-04,1.324017675847892223e-04,1.294825065721595366e-04,1.266203714783506614e-04,1.238145048359284362e-04,1.210638762002236665e-04,1.183673063720709829e-04,1.157234892947648237e-04,1.131310118257571821e-04,1.105883715787670695e-04,1.080939930255872793e-04,1.056462420429310923e-04,1.032434390997679399e-04,1.008838713441740221e-04,9.856580409477855688e-05,9.628749305901194869e-05,9.404720105185668429e-05,9.184322964736568002e-05,8.967399233800177599e-05,8.753818975775352462e-05,8.543520651496352069e-05,8.336592413873484186e-05,8.133418568292963475e-05,7.934906296195055604e-05,7.742783428289462912e-05,7.559946506912550949e-05,7.390944689561072724e-05,7.243267018716211425e-05,7.133598158087690346e-05,1.551059765038902969e-19
3.685317884518210974e-04,3.685317884518210974e-04,6.021387486347250673e-04,6.185627566285863002e-04,6.299003513154650784e-04,6.409576460991939445e-04,6.518085030224159615e-04,6.624467512996368894e-04,6.728659287657845793e-04,6.830603455477026300e-04,6.930250731028858319e-04,7.027559171973896558e-04,7.122491220756912208e-04,7.213337041210246157e-04,7.203457237066362333e-04,7.164044638906150696e-04,7.114672908980649918e-04,7.053502621484163517e-04,6.988681040714676482e-04,6.921774415885314580e-04,6.854310329623952008e-04,6.786422942440460378e-04,6.718088418800148955e-04,6.649463110005212610e-04,6.580748427961167785e-04,6.512304315885811008e-04,6.444491936216961052e-04,6.377671464539059901e-04,6.311877017619909247e-04,6.164634458036338457e-04,5.869504055949423260e-04,5.552923600364632981e-04,5.231325569898116323e-04,4.905299160549164575e-04,4.580192016706872505e-04,4.261863161339882926e-04,3.955187162092690598e-04,3.664078186489209141e-04,3.391710175019804242e-04,3.140191161677465545e-04,2.910990922949198206e-04,2.705542953500100181e-04,2.526819722500261902e-04,2.384591171547024990e-04,2.315620095043959849e-04,2.287158065499648584e-04,2.258775991174013392e-04,2.228833693082987320e-04,2.197521231510886439e-04,2.165005449909002859e-04,2.131453439816951038e-04,2.097028625208969144e-04,2.061888504995663344e-04,2.026182872240261425e-04,1.990052504623958688e-04,1.953628274379654798e-04,1.917030620493808150e-04,1.880369324534001514e-04,1.843743533498521791e-04,1.807241977408970612e-04,1.770943335020659789e-04,1.734916707267510321e-04,1.699222164357363618e-04,1.663911338429089237e-04,1.629028039160281276e-04,1.594608874558184081e-04,1.560683863341182445e-04,1.527277028837039209e-04,1.494406967231358418e-04,1.462087385359153594e-04,1.430327605111918589e-04,1.399133033003287273e-04,1.368505594563930157e-04,1.338444134081694201e-04,1.308944780818665457e-04,1.280001283269372868e-04,1.251605313311713089e-04,1.223746742277649993e-04,1.196413891059460604e-04,1.169593756392199141e-04,1.143272215430170502e-04,1.117434210681627222e-04,1.092063917298916861e-04,1.067144894683534710e-04,1.042660224484526097e-04,1.018592637780752847e-04,9.949246369399582723e-05,9.716386265047961856e-05,9.487170936834236662e-05,9.261429492884057737e-05,9.039003077528805956e-05,8.819763318085903153e-05,8.603653557755112718e-05,8.390772196819451913e-05,8.181520740356002647e-05,7.976829560522856759e-05,7.778449771512882169e-05,7.589290202326922686e-05,7.413889480186078133e-05,7.259700577832920029e-05,7.143374330510800772e-05,4.193085738556442341e-20
3.490736854795587320e-04,3.490736854795587320e-04,6.325301089197974064e-04,6.494448904446503039e-04,6.606664001638841996e-04,6.715827563963414982e-04,6.822712578549209282e-04,6.927270519513710175e-04,7.029450747376744498e-04,7.129210402572344358e-04,7.226514175483666948e-04,7.315470671748536052e-04,7.236840221822476212e-04,7.206811487611861295e-04,7.145598458288432995e-04,7.083398817972212831e-04,7.005519886623084828e-04,6.931175830508949295e-04,6.855744625508385526e-04,6.779971661670531604e-04,6.704105911288916857e-04,6.628189745074259493e-04,6.552283376852054229e-04,6.476677326723859684e-04,6.401664933510791290e-04,6.327697287654276016e-04,6.255148987773213138e-04,6.184364310122752268e-04,6.033174407304929239e-04,5.752487199439192513e-04,5.450463403071484402e-04,5.151173581781925579e-04,4.847827134474534129e-04,4.541053452500223137e-04,4.237392815135722357e-04,3.942797390442358946e-04,3.661595154109024497e-04,3.397038106216710893e-04,3.151727116708703032e-04,2.927536092841931739e-04,2.726557822396630292e-04,2.553013347158738741e-04,2.420051339631171814e-04,2.364193107924582305e-04,2.334820674481581681e-04,2.307684761205166938e-04,2.279770538342348158e-04,2.250224009912089754e-04,2.219243077251064082e-04,2.186998595115613041e-04,2.153661859889430892e-04,2.119400557253944665e-04,2.084376369406988432e-04,2.048743092060632777e-04,2.012645252380063164e-04,1.976217172185398591e-04,1.939582414796174321e-04,1.902853552427831863e-04,1.866132193389834421e-04,1.829509213155996322e-04,1.793065139614835417e-04,1.756870649644137316e-04,1.720987141010704355e-04,1.685467350085341205e-04,1.650355991757082976e-04,1.615690403113624813e-04,1.581501176895954775e-04,1.547812774456792451e-04,1.514644111008366936e-04,1.482009108408941336e-04,1.449917212687441880e-04,1.418373875019843212e-04,1.387380996022611029e-04,1.356937334083872608e-04,1.327038879068843762e-04,1.297679193162367490e-04,1.268849720889171607e-04,1.240540070515507378e-04,1.212738269112037791e-04,1.185430993570032359e-04,1.158603779828477583e-04,1.132241212505289302e-04,1.106327097052368740e-04,1.080844616517012051e-04,1.055776475140640642e-04,1.031105031850113247e-04,1.006812429752678155e-04,9.828807375793899748e-05,9.592921476283523764e-05,9.360293499802011842e-05,9.130763786963087922e-05,8.904205807476474300e-05,8.680569411954354702e-05,8.459966693536021768e-05,8.242821654301225832e-05,8.030093867533781658e-05,7.823561564917419031e-05,7.626143169532372836e-05,7.442353138146288159e-05,7.279580397834036073e-05,7.154392134323769479e-05,1.678990673668049047e-19
3.235193033147974631e-04,3.235193033147974631e-04,6.714560186472739002e-04,6.873197400115577116e-04,6.982750328815228542e-04,7.089329691177162062e-04,7.193404902472173412e-04,7.294940575852670861e-04,7.387323807839394013e-04,7.302450927937833170e-04,7.274423821083950744e-04,7.208190179843560136e-04,7.143095255659032920e-04,7.070117964164115629e-04,6.973546342083018334e-04,6.895368727208892956e-04,6.799980504074009269e-04,6.711007134497590102e-04,6.622067668138660211e-04,6.533956541982614006e-04,6.446771251380332577e-04,6.360615362003118473e-04,6.275639110263478209e-04,6.192226858109309414e-04,6.110717013444857742e-04,6.031576463910924514e-04,5.955063193219785680e-04,5.742097202654380082e-04,5.469391486892178147e-04,5.183633759416515991e-04,4.907248941871156277e-04,4.637644246932306428e-04,4.364548602347785577e-04,4.089281974863652317e-04,3.818778751665541111e-04,3.558802333042590375e-04,3.313249977544330846e-04,3.085033773311739126e-04,2.877020938436428490e-04,2.693041868092734491e-04,2.542078007702725201e-04,2.454696386160261671e-04,2.418582853672502980e-04,2.389431741071757311e-04,2.362040750245796245e-04,2.335119517938004255e-04,2.307287814834273448e-04,2.277780889542007357e-04,2.246801338979503957e-04,2.214524621565168254e-04,2.181126255956912323e-04,2.146777720733987081e-04,2.111644009845026952e-04,2.075881730295680823e-04,2.039637725319007127e-04,2.003048161179686950e-04,1.966238010250032629e-04,1.929320862306934726e-04,1.892398999252394259e-04,1.855563674204552499e-04,1.818895542995300693e-04,1.782465203685637642e-04,1.746333807172579513e-04,1.710553708926465999e-04,1.675169138144865237e-04,1.640216866044689255e-04,1.605726859621653998e-04,1.571722911028172178e-04,1.538223235827583448e-04,1.505241035861200392e-04,1.472785024404425313e-04,1.440859912776937864e-04,1.409466858688640653e-04,1.378603877419360638e-04,1.348266217506671456e-04,1.318446703004153182e-04,1.289136044614955093e-04,1.260323122136943396e-04,1.231995240704718308e-04,1.204138363302365510e-04,1.176737321966870258e-04,1.149776010022531258e-04,1.123237557603707368e-04,1.097104492690958077e-04,1.071358890078432356e-04,1.045982511678995928e-04,1.020956945129358404e-04,9.962637588327185299e-05,9.718847233545146406e-05,9.478022306602125859e-05,9.240002284478558909e-05,9.004663499378732692e-05,8.771964901642151607e-05,8.542036847315238619e-05,8.315332181499404088e-05,8.092846275888216625e-05,7.876388099741521583e-05,7.668882002414180584e-05,7.474803470393935796e-05,7.301448776821228425e-05,7.165250714887414960e-05,2.066071425516496907e-19
2.920776422674145069e-04,2.920776422674145069e-04,7.180061460819167282e-04,7.304892244571293885e-04,7.409107907789819073e-04,7.405288637617650840e-04,7.358732337236336069e-04,7.321245983765340987e-04,7.239704338402857403e-04,7.173749325536025968e-04,7.104686734270479736e-04,6.983743366542572925e-04,6.903129540820238889e-04,6.807418539541684526e-04,6.689628493138030391e-04,6.593613811048649152e-04,6.481127736407884263e-04,6.376357594013906237e-04,6.273302952650383841e-04,6.172894931649434850e-04,6.075190669191785813e-04,5.980304226078596687e-04,5.888390782761873622e-04,5.799934784737542171e-04,5.715331311481739633e-04,5.575591979818583441e-04,5.315551859907264708e-04,5.049696363645965122e-04,4.785712638199922831e-04,4.534855498274900144e-04,4.297251302599440492e-04,4.066722868763735258e-04,3.833793863475273649e-04,3.600309586382420372e-04,3.372981034346581183e-04,3.157365089901184997e-04,2.957892602813202293e-04,2.779849159527431231e-04,2.633921169916506760e-04,2.550789292014827929e-04,2.509853924532685692e-04,2.476856324318431530e-04,2.447561691595486182e-04,2.419595827413655574e-04,2.392271820239291920e-04,2.365207046624679353e-04,2.337144409215138375e-04,2.307395452705819834e-04,2.276167910817004014e-04,2.243641567325029614e-04,2.209995320644576400e-04,2.175403134053778293e-04,2.140031644514231457e-04,2.104038338759194981e-04,2.067570269145013479e-04,2.030763239600477850e-04,1.993741388043125998e-04,1.956617092555643501e-04,1.919491133341499683e-04,1.882453049482805463e-04,1.845581637623663830e-04,1.808945548047036363e-04,1.772603941622898506e-04,1.736607178433026638e-04,1.700997515339251786e-04,1.665809795296524249e-04,1.631072115838693576e-04,1.596806467948013548e-04,1.563029339554133955e-04,1.529752280293731259e-04,1.496982426001357562e-04,1.464722982790202471e-04,1.432973671602777064e-04,1.401731134841161484e-04,1.370989307184813097e-04,1.340739753026650609e-04,1.310971973143142425e-04,1.281673683300710005e-04,1.252831067510517778e-04,1.224429008603696500e-04,1.196451298721642895e-04,1.168880832220047097e-04,1.141699783395089583e-04,1.114889771419981345e-04,1.088432015141323813e-04,1.062307481605467575e-04,1.036497036419589993e-04,1.010981616989309648e-04,9.857424854670437172e-05,9.607617074857626816e-05,9.360231994565710169e-05,9.115150568327346208e-05,8.872344252586959702e-05,8.631966944589795194e-05,8.394506966823688800e-05,8.161001666533224043e-05,7.933293342129780731e-05,7.714307795839140031e-05,7.508467628139874864e-05,7.322951787533942697e-05,7.174014927359847430e-05,5.321497192388473270e-20
2.829151438018723849e-04,2.829151438018723849e-04,7.416705150626395036e-04,7.395918619609516713e-04,7.341022751671480049e-04,7.257336775404733776e-04,7.196668430765675332e-04,7.117508661703698383e-04,6.985001779178616607e-04,6.902721195150771094e-04,6.809107378715983060e-04,6.665308828536225952e-04,6.564166215679161131e-04,6.449312753235204474e-04,6.314724121913173208e-04,6.202149204191341469e-04,6.076097476659110107e-04,5.959180121348453974e-04,5.846206254738773320e-04,5.738090649247015685e-04,5.634939343544388517e-04,5.536775617124783206e-04,5.443413917909922795e-04,5.316029186908701734e-04,5.074926116934310545e-04,4.827625732007056200e-04,4.573627190547781794e-04,4.335294426924181399e-04,4.112359731685198108e-04,3.904703363613893914e-04,3.709783372583321534e-04,3.522292240499926073e-04,3.334771521904011157e-04,3.149897688918753560e-04,2.975469601570290661e-04,2.821166681367147985e-04,2.705144074274779507e-04,2.647460912143440232e-04,2.603005784087040011e-04,2.566864029900119137e-04,2.534644954757925674e-04,2.504523888775094247e-04,2.475689276561657357e-04,2.447694157053082169e-04,2.420145356356605043e-04,2.392716758620873992e-04,2.364238041598810285e-04,2.334097715783621432e-04,2.302506273975852592e-04,2.269646466683853075e-04,2.235698754374286447e-04,2.200837463965445195e-04,2.165228553166737404e-04,2.129027954784464623e-04,2.092380460427928877e-04,2.055419066132488056e-04,2.018264700850601811e-04,1.981026261841751449e-04,1.943800887474943174e-04,1.906674406301217138e-04,1.869721910311971660e-04,1.833008409269315606e-04,1.796589531366678109e-04,1.760512242962313672e-04,1.724815566601301724e-04,1.689531281989729015e-04,1.654684599063070704e-04,1.620294795894802742e-04,1.586375817034331090e-04,1.552936830061249431e-04,1.519982739805815530e-04,1.487514660915047193e-04,1.455530350325327088e-04,1.424024601812953013e-04,1.392989605193752935e-04,1.362415272983003185e-04,1.332289537447787023e-04,1.302598621019039984e-04,1.273327283002551936e-04,1.244459045458815212e-04,1.215976401024902942e-04,1.187861005343927655e-04,1.160093856676510608e-04,1.132655465273704997e-04,1.105526015451226954e-04,1.078685524837248711e-04,1.052114010371489437e-04,1.025791685751502937e-04,9.996992555743150998e-05,9.738184692494748545e-05,9.481333054775373465e-05,9.226325308109405295e-05,8.973148934692283117e-05,8.721986263204574387e-05,8.473366525986746100e-05,8.228373188878239256e-05,7.988882334817757822e-05,7.757816186115030512e-05,7.539533717444101533e-05,7.341080348405593103e-05,7.178500639767971332e-05,1.080665083052647129e-20
3.020857943202247806e-04,3.020857943202247806e-04,7.238689631115808459e-04,7.233813321072323855e-04,7.136299193748294346e-04,7.024314412400667253e-04,6.942711689560025030e-04,6.840638532918057570e-04,6.690480945901525461e-04,6.586706505488093555e-04,6.472969601082108207e-04,6.315300796325774889e-04,6.196286346464087739e-04,6.066851726942875094e-04,5.921756423987834883e-04,5.797943515006344925e-04,5.664863285885221112e-04,5.542402139445788559e-04,5.426033266990073741e-04,5.316439363342898797e-04,5.213262030508280121e-04,5.081939348646446726e-04,4.856419380925029099e-04,4.614491146485641404e-04,4.371712084215685027e-04,4.142575099433609903e-04,3.929013239110435741e-04,3.732639181904980606e-04,3.552420378857596046e-04,3.387411128496298565e-04,3.236437974185895792e-04,3.097552864411534483e-04,2.969783545451384075e-04,2.867928336052613853e-04,2.800114424284903683e-04,2.743267119988764989e-04,2.695975876423968749e-04,2.655963969921401667e-04,2.619708698102685032e-04,2.586434379653460881e-04,2.555170162153509749e-04,2.525388841061427473e-04,2.496597444810011554e-04,2.468458120672391222e-04,2.440623677088148624e-04,2.412796914429305589e-04,2.383898399901707198e-04,2.353390139437835102e-04,2.321482885940838795e-04,2.288360302379024351e-04,2.254202210474769196e-04,2.219181053762536607e-04,2.183459884508693564e-04,2.147190928570298879e-04,2.110514675206335579e-04,2.073559408179103899e-04,2.036441095622043107e-04,1.999263561449059483e-04,1.962118869219698768e-04,1.925087858858367748e-04,1.888240786392714253e-04,1.851638026213621023e-04,1.815330803842147721e-04,1.779361934609466562e-04,1.743766549949712235e-04,1.708572798210136441e-04,1.673802511088594682e-04,1.639471830137810852e-04,1.605591790355274842e-04,1.572168859836507639e-04,1.539205435920491306e-04,1.506700299304356992e-04,1.474649028332967126e-04,1.443044376155360863e-04,1.411876613739247851e-04,1.381133841897227705e-04,1.350802275540260923e-04,1.320866503365470746e-04,1.291309726127973267e-04,1.262113976557171808e-04,1.233260323871012386e-04,1.204729065731220276e-04,1.176499910401678157e-04,1.148552151917503619e-04,1.120864841563598167e-04,1.093416960876830680e-04,1.066187607520803780e-04,1.039156222974681101e-04,1.012302936689353657e-04,9.856092079051689131e-05,9.590591637681141217e-05,9.326424034694854074e-05,9.063595145425716636e-05,8.802318456384262361e-05,8.543166237334804032e-05,8.287268300787810815e-05,8.036532025601129275e-05,7.793871520019703743e-05,7.563577805310617221e-05,7.352560481366860118e-05,7.176646788311734479e-05,1.801631116147551226e-21
3.679298301731520312e-04,3.679298301731520312e-04,7.121040389327869778e-04,7.058001794111832010e-04,6.948353624945397943e-04,6.825173306134513273e-04,6.724735400961204257e-04,6.606434611960085041e-04,6.447504708300960804e-04,6.326295736225404217e-04,6.197255487226664868e-04,6.031787545961816597e-04,5.899971745940843981e-04,5.761088923466232232e-04,5.611073733250129727e-04,5.481362795176702518e-04,5.346256150572136542e-04,5.222531242663963017e-04,5.106396442397003388e-04,4.977412187918941111e-04,4.768914916241354563e-04,4.527278552540060612e-04,4.288307877054602655e-04,4.061834346438818774e-04,3.854857354551756822e-04,3.668849279087324825e-04,3.505774024981793999e-04,3.369956397887500631e-04,3.259901743225270768e-04,3.160447662800477410e-04,3.066314952605832212e-04,2.979832926140446310e-04,2.904997689302542653e-04,2.842363731453274563e-04,2.788967289972059654e-04,2.742007334643738691e-04,2.700260084824183059e-04,2.662578287475996755e-04,2.627824908232204788e-04,2.595434514099830611e-04,2.564724052102945653e-04,2.535256978780415929e-04,2.506594378656886671e-04,2.478435487553601411e-04,2.450465604392812035e-04,2.422413803105688177e-04,2.393283760729895049e-04,2.362602406111754519e-04,2.330579108746143704e-04,2.297396792974740556e-04,2.263233186646062124e-04,2.228257597203696307e-04,2.192629124730798040e-04,2.156495441496681363e-04,2.119992075342179883e-04,2.083242109283504624e-04,2.046356213244010763e-04,2.009432930975371028e-04,1.972559154650779518e-04,1.935810729899284887e-04,1.899253144235028541e-04,1.862942261303187231e-04,1.826925071781944126e-04,1.791240439002437796e-04,1.755919823377607568e-04,1.720987974633253600e-04,1.686463584740361787e-04,1.652359897488577542e-04,1.618685272960077362e-04,1.585443706893308936e-04,1.552635306181081483e-04,1.520256722633315594e-04,1.488301547731229167e-04,1.456760671480735792e-04,1.425622608691894176e-04,1.394873796113059732e-04,1.364498863868742124e-04,1.334480884612593277e-04,1.304801603733949408e-04,1.275441653859398037e-04,1.246380756784385812e-04,1.217597915866605840e-04,1.189071601851382303e-04,1.160779935197847189e-04,1.132700868614338355e-04,1.104812375843401288e-04,1.077092659946155294e-04,1.049520414416828837e-04,1.022075221119496142e-04,9.947382833679793116e-05,9.674939171684628829e-05,9.403325886686629640e-05,9.132567170566368989e-05,8.862906509624936258e-05,8.594956210900180082e-05,8.329887414274358319e-05,8.069633131653321050e-05,7.817096405362499421e-05,7.576504372299209546e-05,7.354644738580089474e-05,7.167149527630985823e-05,2.538317996658579376e-22
4.972900409162277127e-04,4.972900409162277127e-04,7.071676757174979880e-04,6.985184028868910268e-04,6.875307084966901343e-04,6.750541543114852664e-04,6.639272906547721972e-04,6.512149860724038546e-04,6.350956654970588448e-04,6.218035218487167823e-04,6.078308189153526974e-04,5.908274192893295338e-04,5.766809606439317944e-04,5.620624378624422676e-04,5.466228712522535824e-04,5.330789998285208461e-04,5.192671782625672651e-04,5.065658687188120003e-04,4.890500650473623414e-04,4.657421775418260764e-04,4.405681372026023211e-04,4.164809312417977558e-04,3.946821099267109494e-04,3.754590292841715211e-04,3.594168042006801590e-04,3.474308538432458078e-04,3.377795466668493947e-04,3.285460256269802284e-04,3.195912438783809063e-04,3.108969496943334411e-04,3.025852349726629808e-04,2.949167686671401315e-04,2.882477042789978526e-04,2.825404392979409215e-04,2.775767875712390463e-04,2.731710012081998854e-04,2.692116695335782591e-04,2.656075175656620472e-04,2.622617709663653085e-04,2.591236874447246726e-04,2.561308080415760626e-04,2.532435357804372700e-04,2.504212600252150303e-04,2.476367778177232331e-04,2.448612626744047145e-04,2.420697679042715857e-04,2.391690782545384693e-04,2.361170234482798467e-04,2.329343798765338102e-04,2.296393508477540218e-04,2.262495278815159871e-04,2.227815913881928589e-04,2.192511479190504403e-04,2.156726231634490700e-04,2.120592037371924106e-04,2.084228187439145891e-04,2.047741526128320005e-04,2.011226815603980747e-04,1.974767270531520356e-04,1.938435207308033333e-04,1.902292762930917966e-04,1.866392648067586332e-04,1.830778907231936305e-04,1.795487666036420260e-04,1.760547851308925157e-04,1.725981874545057921e-04,1.691806272848458146e-04,1.658032304345986602e-04,1.624666497198460930e-04,1.591711152895005732e-04,1.559164805640047169e-04,1.527022640413395495e-04,1.495276872793670372e-04,1.463917093945080628e-04,1.432930584335881667e-04,1.402302599822560238e-04,1.372016633728805155e-04,1.342054658498942842e-04,1.312397350425930167e-04,1.283024300859673342e-04,1.253914217200567769e-04,1.225045116892504375e-04,1.196394517590704845e-04,1.167939626829573761e-04,1.139657535295066386e-04,1.111525420509695079e-04,1.083520775881481005e-04,1.055621702240244547e-04,1.027807353629893347e-04,1.000058749302850167e-04,9.723603929080867295e-05,9.447034968522264058e-05,9.170920008149957157e-05,8.895526747790341051e-05,8.621498853511544381e-05,8.350038567444096162e-05,8.083096466471438471e-05,7.823564240747976324e-05,7.575618121466967832e-05,7.345953273154402102e-05,7.150056268675591660e-05,1.785642563751351632e-19
6.421886700733610807e-04,6.421886700733610807e-04,7.097853310713145639e-04,7.040665038132195956e-04,6.948187154083786295e-04,6.837624640206890368e-04,6.730046017675136907e-04,6.606793697616887779e-04,6.453867279294570177e-04,6.317599982030997884e-04,6.173174735283287837e-04,6.001604180045795990e-04,5.851888391460970595e-04,5.697430032926706573e-04,5.535442207621846808e-04,5.390069640619557772e-04,5.242341594819449526e-04,5.064988553096752728e-04,4.820629220420182643e-04,4.545416264439609247e-04,4.280699150006945673e-04,4.040894930800943328e-04,3.827926711590789598e-04,3.643720815622437351e-04,3.493922461752312601e-04,3.388456335732183025e-04,3.304062651519042789e-04,3.220708364624316929e-04,3.138458452083335939e-04,3.058049157548122193e-04,2.980874181792255080e-04,2.909494437898727253e-04,2.847301413521232771e-04,2.793924984281380072e-04,2.747377492664813199e-04,2.705943840989471247e-04,2.668591738285684429e-04,2.634473097947040367e-04,2.602682647678136534e-04,2.572748012787209361e-04,2.544078502197846640e-04,2.516307311607205929e-04,2.489050299913586292e-04,2.462056140594294355e-04,2.435055051366078155e-04,2.407811927268683431e-04,2.379431741186987701e-04,2.349528030690777589e-04,2.318308427734277403e-04,2.285955689509850959e-04,2.252646108958066278e-04,2.218546594117754890e-04,2.183813074743863332e-04,2.148589472480388321e-04,2.113007159947114227e-04,2.077184815934476219e-04,2.041228589923663541e-04,2.005232498320044267e-04,1.969278985667268108e-04,1.933439595363025277e-04,1.897775705143929666e-04,1.862339292328987208e-04,1.827173702257658082e-04,1.792314400464436661e-04,1.757789694949192104e-04,1.723621419552563477e-04,1.689825573080529263e-04,1.656412911600733007e-04,1.623389493411071804e-04,1.590757177694769424e-04,1.558514078948524252e-04,1.526654980000590671e-04,1.495171706910147877e-04,1.464053469322221593e-04,1.433287169999522158e-04,1.402857687303466069e-04,1.372748134382837726e-04,1.342940098774004912e-04,1.313413866036777973e-04,1.284148630957585263e-04,1.255122699756182369e-04,1.226313686649436780e-04,1.197698708101277941e-04,1.169254578271483808e-04,1.140958010043790474e-04,1.112785828952214033e-04,1.084715216045411472e-04,1.056724019164628124e-04,1.028791229086544341e-04,1.000897840381606313e-04,9.730285477209559063e-05,9.451750791415575138e-05,9.173423333648251382e-05,8.895585384702321447e-05,8.618898814045386980e-05,8.344583139846560094e-05,8.074597645246035186e-05,7.811825901201170815e-05,7.560414396031639504e-05,7.327007895292756453e-05,7.127020996813963644e-05,4.814333616553010627e-20
8.491602470743888969e-04,8.491602470743888969e-04,7.169143127343007233e-04,7.113876947279631569e-04,7.066329577238344897e-04,6.998500823837535897e-04,6.922862000959113761e-04,6.830406425500766153e-04,6.712289976759883234e-04,6.594467726748756350e-04,6.463637394480114531e-04,6.305618026999561688e-04,6.157247804012165246e-04,6.000158647181886218e-04,5.832814741324846312e-04,5.676448931292978018e-04,5.515495326524004049e-04,5.311899410018510381e-04,5.033346410113428851e-04,4.722428527574681510e-04,4.430359571926932604e-04,4.165649815184375082e-04,3.927410707879876129e-04,3.714945765523238320e-04,3.528037443541826241e-04,3.366995322296496037e-04,3.234896764650234749e-04,3.140823556597267460e-04,3.064539352760866004e-04,2.989769313203412726e-04,2.917789238792230949e-04,2.851158156980949628e-04,2.793207979667988684e-04,2.743581065989198408e-04,2.700376633193019276e-04,2.661958578448213775e-04,2.627348534997835799e-04,2.595734208936724299e-04,2.566248878599612258e-04,2.538443070539788456e-04,2.511744482600418286e-04,2.485805169358225254e-04,2.460251429052652886e-04,2.434843934800666736e-04,2.409322370780299675e-04,2.383457470431033713e-04,2.356360624029218921e-04,2.327664209997864651e-04,2.297577956527223125e-04,2.266287884174416701e-04,2.233973921414889746e-04,2.200806843999183506e-04,2.166946544941782777e-04,2.132540898102450579e-04,2.097725136942039784e-04,2.062621652087090430e-04,2.027340117103043984e-04,1.991977861167984715e-04,1.956620418553767877e-04,1.921342196517646594e-04,1.886207214430512342e-04,1.851269877152166390e-04,1.816575754528305681e-04,1.782162346352964379e-04,1.748059818260485948e-04,1.714291698906670062e-04,1.680875532628569745e-04,1.647823484702024097e-04,1.615142898507363747e-04,1.582836805513578374e-04,1.550904390123320831e-04,1.519341412196798565e-04,1.488140590574866455e-04,1.457291951225364959e-04,1.426783143795062382e-04,1.396599730407074012e-04,1.366725450533248570e-04,1.337142465715878282e-04,1.307831587833093747e-04,1.278772494506574592e-04,1.249943935153072976e-04,1.221323931095264870e-04,1.192889973120967172e-04,1.164619220064662061e-04,1.136488702860004172e-04,1.108475541477689090e-04,1.080557190953693858e-04,1.052711756299864137e-04,1.024918473333525629e-04,9.971585761834033399e-05,9.694170031184468040e-05,9.416857418644393940e-05,9.139699772791465412e-05,8.862982478067623238e-05,8.587370443124533255e-05,8.314085483002673098e-05,8.045087585171739597e-05,7.783259035121175933e-05,7.532744099547168594e-05,7.300188542212635240e-05,7.101026396570798798e-05,1.892961585147877122e-19
1.092134086434764541e-03,1.092134086434764541e-03,7.088003750046149160e-04,7.056711783862665332e-04,7.025536291594166975e-04,6.996596775551374749e-04,6.968933623290014074e-04,6.937227086238927695e-04,6.893901654760710082e-04,6.833913822713929154e-04,6.765942559007381884e-04,6.671356122430851295e-04,6.563409441192540701e-04,6.437088006448993347e-04,6.291968807316898876e-04,6.144242322483822261e-04,5.985503529025007268e-04,5.817803928478385185e-04,5.561765147649401150e-04,5.233515733046449929e-04,4.895368772456642906e-04,4.583871345234757878e-04,4.298948099251167208e-04,4.039678846064924172e-04,3.804759074361201881e-04,3.592819624203641383e-04,3.403305482940768237e-04,3.234782171725872953e-04,3.085362296470547786e-04,2.955596771711287217e-04,2.848330105675907632e-04,2.770572301973967216e-04,2.716630017506275335e-04,2.671165225253447923e-04,2.631837520081591443e-04,2.597060155026290843e-04,2.565892838504346316e-04,2.537544446261830633e-04,2.511170662621236920e-04,2.486335700404396047e-04,2.462472667951036984e-04,2.439243493266965207e-04,2.416274017545103384e-04,2.393328421105693515e-04,2.370146735495668063e-04,2.346496229693522339e-04,2.321464804722270508e-04,2.294688347648199097e-04,2.266379751240992706e-04,2.236730026580881301e-04,2.205925419563600841e-04,2.174143968586186154e-04,2.141553433710502875e-04,2.108309874638988294e-04,2.074556797948817885e-04,2.040424773536784315e-04,2.006031424189874820e-04,1.971481700662593508e-04,1.936868365724801148e-04,1.902272622666023496e-04,1.867764835557969821e-04,1.833405299483019738e-04,1.799245028553061489e-04,1.765326537733235331e-04,1.731684601258932715e-04,1.698346975901538825e-04,1.665335081649112594e-04,1.632664635696041359e-04,1.600346238148419383e-04,1.568385909703122829e-04,1.536785582889991792e-04,1.505543549388311836e-04,1.474654866543631819e-04,1.444111726592943836e-04,1.413903792319673078e-04,1.384018502953429164e-04,1.354441354139250542e-04,1.325156155756391694e-04,1.296145271287019716e-04,1.267389842336124359e-04,1.238870001795911390e-04,1.210565079050920223e-04,1.182453800574051743e-04,1.154514489415760833e-04,1.126725267887371517e-04,1.099064270517509102e-04,1.071509882698347307e-04,1.044041043046074979e-04,1.016637702934422100e-04,9.892816578508730363e-05,9.619581945217553194e-05,9.346593515720297729e-05,9.073899718695303102e-05,8.801778070200038284e-05,8.530882073019771538e-05,8.262422011874525295e-05,7.998352381369127110e-05,7.741563625144595511e-05,7.496228865368560789e-05,7.269051404342776173e-05,7.075586719944338169e-05,4.965725928754873462e-20
1.301900630855987173e-03,1.301900630855987173e-03,6.814379806800689591e-04,6.790921326493371078e-04,6.769640893818496376e-04,6.755928535121324225e-04,6.745450764736258533e-04,6.739538450316081945e-04,6.735000149988173458e-04,6.712971563776603395e-04,6.696473941748948668e-04,6.693983776901290400e-04,6.684067431661828594e-04,6.663263797057851143e-04,6.621084558355689546e-04,6.550544409316285234e-04,6.459736883884365215e-04,6.343796400535479420e-04,6.205209863916666445e-04,5.982193949117537834e-04,5.660330127327439700e-04,5.305876080442384476e-04,4.969102582226919652e-04,4.654912087792389117e-04,4.364049349808751029e-04,4.096372588559379002e-04,3.851881085819504097e-04,3.629740472347688963e-04,3.428943241858377886e-04,3.248146938449326645e-04,3.085308730229213182e-04,2.936737208203772827e-04,2.797535986390666928e-04,2.670977945568984058e-04,2.567565798960791466e-04,2.510479625234146063e-04,2.483522530663780981e-04,2.459152661458372273e-04,2.436646037244045786e-04,2.415572538182441645e-04,2.395362447681150832e-04,2.375681100704764011e-04,2.356145264548864776e-04,2.336515115094342314e-04,2.316522637592394358e-04,2.295922195821049200e-04,2.273753304818983958e-04,2.249641816780421813e-04,2.223801652382404034e-04,2.196427778584241386e-04,2.167712968975630010e-04,2.137843752573677532e-04,2.106997790947492282e-04,2.075341974050304685e-04,2.043031160604994259e-04,2.010207462414110278e-04,1.976999971742593627e-04,1.943524836894362263e-04,1.909885600992071485e-04,1.876173730740009757e-04,1.842469274140888546e-04,1.808841597790196844e-04,1.775350164925419921e-04,1.742045324586146760e-04,1.708969089976590430e-04,1.676155890468078045e-04,1.643633286766730075e-04,1.611422642758909081e-04,1.579539750612071064e-04,1.547995408008225873e-04,1.516795948076189260e-04,1.485943723791863453e-04,1.455437549445327632e-04,1.425273102316609300e-04,1.395443288033070006e-04,1.365938573256537047e-04,1.336747289412954756e-04,1.307855911165280833e-04,1.279249313266441043e-04,1.250911009334289585e-04,1.222823375977197778e-04,1.194967865587266210e-04,1.167325211048479862e-04,1.139875625704491060e-04,1.112599002598880127e-04,1.085475119435533483e-04,1.058483863202814901e-04,1.031605509148295655e-04,1.004821140713344955e-04,9.781134131570038261e-05,9.514680893479397371e-05,9.248771376923998555e-05,8.983445988003407228e-05,8.718965876827266084e-05,8.455961660032468741e-05,8.195621094035255975e-05,7.939888958522686713e-05,7.691674038824957696e-05,7.455209215705565519e-05,7.237311814272251312e-05,7.053761830599518173e-05,1.013297926266677504e-20
1.411292997349738359e-03,1.411292997349738359e-03,6.398294993559217004e-04,6.379107783890003869e-04,6.364115043048848824e-04,6.357928576868942042e-04,6.355891373062339715e-04,6.361837749785636533e-04,6.372743340997059740e-04,6.364030897782852955e-04,6.366784457764861505e-04,6.392214422431366809e-04,6.410624266339176158e-04,6.429502578053862940e-04,6.440814063650648772e-04,6.436902490174179446e-04,6.445833160705960246e-04,6.450574747895581338e-04,6.443678761814954862e-04,6.411457961409164049e-04,6.329963071863975574e-04,6.119606576585095081e-04,5.806459671423070713e-04,5.470956774788333877e-04,5.144707827700407878e-04,4.832548720734265116e-04,4.538252988572487757e-04,4.263781149337893088e-04,4.009859224517617554e-04,3.775862098311151701e-04,3.559550534739845478e-04,3.356450355952665101e-04,3.161170886608265468e-04,2.975188010370801795e-04,2.802825515590975187e-04,2.647682866758181448e-04,2.511689506392591705e-04,2.402779999591876951e-04,2.344891344079845497e-04,2.328178227334807529e-04,2.312139474095925606e-04,2.296564534333220156e-04,2.281051441821190830e-04,2.265351008238953331e-04,2.249180682437508505e-04,2.232273605573857286e-04,2.213605015577149921e-04,2.192779965071471257e-04,2.170007203657635571e-04,2.145480818883025147e-04,2.119396658417566678e-04,2.091947530191638185e-04,2.063319866039070517e-04,2.033691164187432002e-04,2.003228153887661746e-04,1.972085589283305523e-04,1.940405572069399366e-04,1.908317303429018813e-04,1.875937172535611550e-04,1.843369099106572696e-04,1.810705059222189942e-04,1.778025735564470633e-04,1.745401244531006224e-04,1.712891902849846882e-04,1.680549005137669356e-04,1.648415591258276848e-04,1.616527188417732732e-04,1.584912517808963683e-04,1.553594159444912940e-04,1.522589171765538940e-04,1.491909664821700109e-04,1.461563327470268600e-04,1.431553910184105020e-04,1.401881665887372373e-04,1.372543751757664685e-04,1.343534595262167806e-04,1.314846227865997062e-04,1.286468589913201054e-04,1.258389810165448782e-04,1.230596463415706667e-04,1.203073809493994520e-04,1.175806016869792209e-04,1.148776373968644335e-04,1.121967491366594250e-04,1.095361498546508402e-04,1.068940240933098228e-04,1.042685489394804720e-04,1.016579192806176310e-04,9.906038516191900461e-05,9.647431995329916400e-05,9.389836001993750146e-05,9.133169349192546253e-05,8.877462189534186495e-05,8.622954488510436641e-05,8.370246897606258007e-05,8.120497525136802924e-05,7.875639021158301924e-05,7.638607364843555923e-05,7.413721715320301055e-05,7.207963405782908046e-05,7.037429432076852264e-05,1.684387695242901397e-21
1.390204421204536229e-03,1.390204421204536229e-03,5.935964069342382051e-04,5.897762947335102477e-04,5.886850975934663274e-04,5.884859079118789525e-04,5.887031244106237212e-04,5.897916917299677849e-04,5.914674285437998731e-04,5.912341580144128044e-04,5.923904239479466658e-04,5.960358344017003705e-04,5.990635547356586068e-04,6.025541342512957810e-04,6.054616769009304447e-04,6.072392827991058336e-04,6.108400276230567007e-04,6.146005404987042557e-04,6.178027129724128572e-04,6.200463651660235781e-04,6.206417958490707907e-04,6.203723573551661857e-04,6.181457406536852587e-04,6.058837195102102953e-04,5.821528552068264226e-04,5.559161861794730377e-04,5.277940916592016541e-04,4.993841803069430565e-04,4.713521534380283652e-04,4.444027623818264973e-04,4.186381586617026851e-04,3.938119692241169134e-04,3.694791472295762724e-04,3.457595367915282814e-04,3.230381312068315251e-04,3.016688047181068197e-04,2.819451211103764731e-04,2.641566146002148879e-04,2.485659535632998981e-04,2.352347183329066304e-04,2.250013440693704437e-04,2.206369725428458911e-04,2.195144870499523432e-04,2.183575054712560482e-04,2.171472286735145313e-04,2.158540176818397676e-04,2.143687358130238107e-04,2.126490509259172678e-04,2.107143941382263173e-04,2.085833106787619645e-04,2.062750281735541331e-04,2.038089051124780064e-04,2.012040218109905883e-04,1.984788511484809122e-04,1.956510067080711654e-04,1.927370611053826164e-04,1.897524255013652164e-04,1.867112805968256634e-04,1.836265495284249280e-04,1.805099037481393699e-04,1.773717939434826330e-04,1.742214991711780905e-04,1.710671885111617388e-04,1.679159906219307929e-04,1.647740675469876073e-04,1.616466899644320137e-04,1.585383117827051552e-04,1.554526425713646494e-04,1.523927167876669821e-04,1.493609591327755279e-04,1.463592456601076660e-04,1.433889604775708936e-04,1.404510480481536050e-04,1.375460612109425924e-04,1.346742051271047468e-04,1.318353774104534352e-04,1.290292047367191019e-04,1.262550762446624695e-04,1.235121740500046800e-04,1.207995011927560323e-04,1.181159073328652976e-04,1.154601125001409126e-04,1.128307291961737417e-04,1.102262831471738640e-04,1.076452330460240104e-04,1.050859897871356084e-04,1.025469362437555950e-04,1.000264502383199687e-04,9.752293760290645314e-05,9.503489234333637402e-05,9.256102209890850190e-05,9.010051444694703194e-05,8.765357024064151321e-05,8.522236820617360451e-05,8.281259270590665884e-05,8.043549997146995768e-05,7.811028736923601484e-05,7.586664616728312749e-05,7.374881456525635072e-05,7.182861373785620856e-05,7.027087175453989611e-05,2.358632996849170351e-22
1.253843216370024256e-03,1.253843216370024256e-03,5.506733416084982208e-04,5.413723145338017071e-04,5.405394774780849934e-04,5.406382245177366198e-04,5.411370149552135198e-04,5.424893697398594462e-04,5.444356271267489829e-04,5.445988046351042926e-04,5.461866572088299376e-04,5.502369686603371174e-04,5.537196719594807224e-04,5.577438450512448844e-04,5.613223262402836523e-04,5.640220525406875818e-04,5.686810983436434760e-04,5.737408193275956702e-04,5.783015467295346155e-04,5.822218155963934357e-04,5.850215137592755955e-04,5.882794346627148209e-04,5.916808945823487636e-04,5.936791582007839132e-04,5.925894989670383965e-04,5.794839119073679715e-04,5.580438279530097918e-04,5.374156490119671786e-04,5.168146793736120431e-04,4.959311584659732187e-04,4.743700007805477727e-04,4.514887230748900544e-04,4.266785606251887928e-04,4.009354892087506534e-04,3.750875499051136547e-04,3.497813356927525845e-04,3.254846948761188469e-04,3.025899286755762987e-04,2.814095499668432679e-04,2.621828145302688268e-04,2.452010199093588422e-04,2.306610344595290407e-04,2.186941948453167376e-04,2.106299575217636659e-04,2.088997946058656914e-04,2.079908086159025548e-04,2.068798926716854678e-04,2.055216511994854888e-04,2.039331468885326420e-04,2.021312515635783247e-04,2.001340686540482449e-04,1.979603312798053545e-04,1.956289292535618937e-04,1.931585113963064557e-04,1.905671654467965828e-04,1.878721717989620529e-04,1.850898243198624668e-04,1.822353098044609404e-04,1.793226369641279694e-04,1.763646059404154183e-04,1.733728099310158431e-04,1.703576614037966355e-04,1.673284363993919187e-04,1.642933314712766494e-04,1.612595288113000830e-04,1.582332660150766125e-04,1.552199077347752372e-04,1.522240171408178837e-04,1.492494256731332508e-04,1.462993000165010527e-04,1.433762055961638636e-04,1.404821661721706292e-04,1.376187193274908246e-04,1.347869678073627270e-04,1.319876267863615503e-04,1.292210672243990634e-04,1.264873555306510048e-04,1.237862897918158935e-04,1.211174328427347033e-04,1.184801424677248908e-04,1.158735990228012581e-04,1.132968307655101439e-04,1.107487371737202371e-04,1.082281105353890909e-04,1.057336561218465365e-04,1.032640113915392750e-04,1.008177651300792019e-04,9.839347881804771587e-05,9.598971630425030843e-05,9.360509717909801632e-05,9.123840948634451406e-05,8.888885482804551399e-05,8.655655336190907253e-05,8.424348541391406058e-05,8.195503243994929708e-05,7.970213682193456374e-05,7.750387401685217173e-05,7.539029229265151665e-05,7.340675983765605989e-05,7.162729680808472589e-05,7.022095488195591057e-05,1.629839839437884394e-19
1.059685097500188142e-03,1.059685097500188142e-03,5.079047753140495010e-04,4.974075152738976092e-04,4.967947582514767443e-04,4.971328646936745829e-04,4.978474339656273687e-04,4.993819088081756551e-04,5.014944239724218470e-04,5.019335103755024740e-04,5.037765203315352873e-04,5.079896505155186539e-04,5.116662294208144078e-04,5.158886345334935024e-04,5.197219344625692884e-04,5.228061864723526500e-04,5.278245997669465906e-04,5.332945408694809509e-04,5.383630798686638019e-04,5.429352768723288069e-04,5.465843568744491784e-04,5.508565873283367484e-04,5.554910269935653400e-04,5.598006260221255774e-04,5.633422891453770086e-04,5.647657545076687500e-04,5.611612095478619349e-04,5.448107307213905784e-04,5.262904606949900818e-04,5.078574954519160523e-04,4.895434158019934751e-04,4.713280080050477670e-04,4.534636677494728813e-04,4.359694046739120824e-04,4.174284598246952630e-04,3.960892550099559366e-04,3.711535700111377256e-04,3.457345046446019246e-04,3.210396390837066505e-04,2.976584530208745182e-04,2.760118990465613162e-04,2.563350358002841286e-04,2.388675821354032519e-04,2.238580274481728684e-04,2.114685417124129120e-04,2.023738891509822748e-04,1.994551882215093899e-04,1.984271913172742951e-04,1.971586472766456786e-04,1.956655329317257181e-04,1.939641030993871564e-04,1.920718479037999992e-04,1.900068643605519881e-04,1.877874080716987969e-04,1.854315158706229191e-04,1.829567011577954675e-04,1.803797184240985474e-04,1.777163907272973228e-04,1.749814923441645939e-04,1.721886782084848272e-04,1.693504518131861715e-04,1.664781637783572371e-04,1.635820340811630017e-04,1.606711918671700540e-04,1.577537277142401100e-04,1.548367541328729492e-04,1.519264709204287461e-04,1.490282327207568332e-04,1.461466167688167032e-04,1.432854893245830987e-04,1.404480697296978131e-04,1.376369913648318956e-04,1.348543590570838767e-04,1.321018026967512725e-04,1.293805269819927771e-04,1.266913573279672476e-04,1.240347820622932876e-04,1.214109910879226592e-04,1.188199112338764565e-04,1.162612385381681172e-04,1.137344677197454538e-04,1.112389191006918837e-04,1.087737632399666675e-04,1.063380435427495086e-04,1.039306971352017551e-04,1.015505744063418967e-04,9.919645800919829311e-05,9.686708332192260986e-05,9.456116576104833847e-05,9.227744893036100924e-05,9.001480688429591942e-05,8.777247093500775926e-05,8.555050877091984949e-05,8.335074270229257687e-05,8.117829764950630742e-05,7.904384210903354219e-05,7.696635020484038196e-05,7.497622561889914165e-05,7.311995850049060933e-05,7.147378552154411732e-05,7.021106308755881370e-05,4.352252668680152345e-20
8.628149836880662747e-04,8.628149836880662747e-04,4.690204856711935343e-04,4.604804240690679837e-04,4.601034821883696999e-04,4.606343836707490558e-04,4.615164456842962490e-04,4.631853734889019875e-04,4.654091397494380033e-04,4.660512648090047892e-04,4.680706603047325590e-04,4.723552945131010133e-04,4.761223814884511189e-04,4.804242649763226965e-04,4.843675229377985658e-04,4.876417031932299114e-04,4.927733017476451606e-04,4.983430698618764249e-04,5.035773998017486260e-04,5.083583899813504765e-04,5.123044568913754206e-04,5.169543495139558879e-04,5.220673565441807636e-04,5.270505159773917168e-04,5.315860560729594427e-04,5.352721507527329363e-04,5.378148075485165124e-04,5.384720756962559215e-04,5.268821972891833639e-04,5.094868951836594795e-04,4.923564681290624242e-04,4.757844058012677892e-04,4.602130616558241160e-04,4.457321552888981217e-04,4.312447976250157930e-04,4.159238626578360158e-04,3.996508667364124970e-04,3.812406992083064092e-04,3.582024259702823324e-04,3.333251587520760307e-04,3.089640313525530459e-04,2.859399056787927866e-04,2.646844827251341190e-04,2.454489381602520111e-04,2.283930999437827896e-04,2.137534642648956094e-04,2.018874121335285173e-04,1.934335528423480346e-04,1.908412202874805561e-04,1.896178313619040668e-04,1.881785629707623741e-04,1.865390431723286380e-04,1.847160840526272695e-04,1.827271116174308070e-04,1.805896771009695464e-04,1.783211064630296923e-04,1.759382173932590697e-04,1.734571003327278467e-04,1.708929577159551145e-04,1.682599942712199382e-04,1.655713506906097618e-04,1.628390730523441123e-04,1.600741108513567795e-04,1.572863372083515448e-04,1.544845856583351219e-04,1.516766987778770900e-04,1.488695847361816351e-04,1.460692786124716627e-04,1.432810059921355115e-04,1.405092469302170839e-04,1.377577988546307096e-04,1.350298373795370463e-04,1.323279743207014390e-04,1.296543124595747772e-04,1.270104968014251041e-04,1.243977622246876047e-04,1.218169775322457018e-04,1.192686859982517177e-04,1.167531425625359663e-04,1.142703478640811840e-04,1.118200793298374955e-04,1.094019195491061493e-04,1.070152821708972752e-04,1.046594355685102304e-04,1.023335245400082823e-04,1.000365904102386186e-04,9.776759024020325814e-05,9.552541692201450840e-05,9.330892501376302373e-05,9.111697515217378562e-05,8.894852831401540896e-05,8.680285789985643348e-05,8.468000697780224276e-05,8.258168507357726770e-05,8.051281851798334967e-05,7.848385732562404061e-05,7.651370277866984416e-05,7.463309204706055440e-05,7.288955559612050178e-05,7.136141278429129612e-05,7.022612515245316752e-05,9.002598673775157289e-21
6.982624782657361005e-04,6.982624782657361005e-04,4.370662214379859010e-04,4.314055411714426132e-04,4.312553218944213998e-04,4.319392354725204962e-04,4.329502555294759765e-04,4.347200609235521581e-04,4.370205668770892559e-04,4.378142502339863297e-04,4.399641696874993942e-04,4.442825103855124443e-04,4.480894452310466773e-04,4.524206620266751065e-04,4.564085708195795904e-04,4.598031127846456114e-04,4.649805191864212145e-04,4.705634786653881563e-04,4.758258151374033010e-04,4.806581020345199033e-04,4.847053727806821251e-04,4.894946367255969839e-04,4.947570146249230917e-04,4.999393429820868763e-04,5.047905063935273409e-04,5.090474404575647286e-04,5.126748303819798295e-04,5.165600629597317216e-04,5.184773094365725463e-04,5.086653277164736916e-04,4.920718923020457949e-04,4.760401238232422980e-04,4.612983158326160421e-04,4.479912223382506351e-04,4.351916357029150871e-04,4.222530157861966609e-04,4.092175123983422575e-04,3.953500379029332209e-04,3.795504448021594433e-04,3.612051257024742222e-04,3.378354569060060112e-04,3.134727076463837345e-04,2.899725573502043947e-04,2.680120830264967917e-04,2.479050171259421361e-04,2.298714147072485850e-04,2.141567743182797023e-04,2.010146952845651212e-04,1.907378761398932610e-04,1.844643220285806283e-04,1.830615244085364397e-04,1.816344856216207048e-04,1.800206028688685700e-04,1.782327841636206312e-04,1.762877794991039783e-04,1.742024317095069931e-04,1.719933263272646130e-04,1.696765306215833812e-04,1.672673957766871084e-04,1.647804121502211287e-04,1.622291111894075158e-04,1.596260069154049682e-04,1.569825700152255408e-04,1.543092280323745747e-04,1.516153858052866346e-04,1.489094610585015650e-04,1.461989308282218185e-04,1.434903851500983886e-04,1.407895851215105120e-04,1.381015230566898775e-04,1.354304829754266024e-04,1.327801001058051685e-04,1.301534184443653517e-04,1.275529457111619299e-04,1.249807052712998431e-04,1.224382847777458682e-04,1.199268814308706373e-04,1.174473438559520149e-04,1.150002106776145853e-04,1.125857459252022416e-04,1.102039714408686665e-04,1.078546964862082399e-04,1.055375447583968692e-04,1.032519790389483869e-04,1.009973237235701761e-04,9.877278556967522365e-05,9.657747330309484409e-05,9.441041769851490830e-05,9.227059658578405210e-05,9.015697674117053770e-05,8.806860233802433157e-05,8.600479584609976760e-05,8.396559797928613699e-05,8.195264650107781474e-05,7.997072642587569182e-05,7.803012816268392626e-05,7.614971148168456780e-05,7.436051424212684023e-05,7.271098101734654049e-05,7.128127864703069888e-05,7.025257319664195642e-05,3.116247780970172158e-19
5.763294245674670030e-04,5.763294245674670030e-04,4.129732032463904394e-04,4.097629297236869109e-04,4.098015199658986817e-04,4.106075071271259448e-04,4.117194207793729399e-04,4.135679647111768211e-04,4.159246800122959006e-04,4.168328229952703587e-04,4.190847536197256124e-04,4.234219322909474554e-04,4.272472706053781770e-04,4.315883316916351519e-04,4.355920503898262088e-04,4.390657353125585480e-04,4.442679434369102803e-04,4.498495889510154477e-04,4.551029793476821413e-04,4.599325515677727652e-04,4.640186393424933502e-04,4.688598881243314742e-04,4.741499776376579926e-04,4.793724472783109504e-04,4.843089190530772657e-04,4.887351816162950439e-04,4.926597570346783264e-04,4.972332248483992594e-04,5.014930711086982391e-04,5.037279403196068305e-04,4.913667532723095706e-04,4.755701363248045557e-04,4.610922507562187096e-04,4.482197774491514697e-04,4.360908747640244347e-04,4.240805266665482283e-04,4.124471857148650665e-04,4.006119517557780747e-04,3.877288539018639295e-04,3.735871722986556891e-04,3.566632030247372776e-04,3.352432617595195387e-04,3.112628172059689943e-04,2.878378294495888084e-04,2.658253816629541945e-04,2.456002837544477338e-04,2.274810400209256733e-04,2.116321824520793330e-04,1.981333573511941495e-04,1.872868964777093365e-04,1.797819904586120778e-04,1.774868310308881755e-04,1.760412923509694597e-04,1.744214086258932296e-04,1.726405532285600500e-04,1.707126481219000899e-04,1.686538314366881877e-04,1.664799544727572629e-04,1.642063230083829189e-04,1.618475203086604795e-04,1.594172813267416826e-04,1.569284089283819324e-04,1.543927257729217097e-04,1.518210554580568840e-04,1.492232270084206647e-04,1.466080974105118972e-04,1.439835875952747985e-04,1.413567279788719062e-04,1.387337103485508020e-04,1.361199434984094482e-04,1.335201105656880975e-04,1.309382264881301565e-04,1.283776943984170978e-04,1.258413600981137795e-04,1.233315640182626927e-04,1.208501902846694469e-04,1.183987126711683497e-04,1.159782373511794888e-04,1.135895424535216761e-04,1.112331144987349939e-04,1.089091818422234319e-04,1.066177452848233705e-04,1.043586060344619051e-04,1.021313912205065537e-04,9.993557719028238343e-05,9.777051090045556171e-05,9.563542999753356670e-05,9.352948308485605855e-05,9.145175433872989690e-05,8.940130378960444097e-05,8.737725174518089493e-05,8.537897161473271569e-05,8.340651698649551818e-05,8.146148657734762571e-05,7.954857363969466944e-05,7.767796308095235782e-05,7.586850300924790095e-05,7.415149602247652629e-05,7.257615825022747469e-05,7.122422299862947134e-05,7.028005850402436333e-05,8.349286023586800602e-20
4.923125421343654612e-04,4.923125421343654612e-04,3.960518265737934807e-04,3.944762931438007330e-04,3.946608549955646014e-04,3.955669611637732197e-04,3.967610600166496140e-04,3.986750239750095595e-04,4.010771787630066851e-04,4.020745315298988572e-04,4.044112187552810077e-04,4.087650984366825863e-04,4.126018343269107435e-04,4.169498104578292746e-04,4.209595506610780890e-04,4.244908579231678608e-04,4.297060372619692487e-04,4.352886022775723620e-04,4.405227414554671139e-04,4.453412325724466297e-04,4.494329678891720108e-04,4.542959821049458841e-04,4.595818078135642808e-04,4.648069857213977434e-04,4.697537040016415964e-04,4.742162151924781094e-04,4.782391688935649725e-04,4.829752974124966111e-04,4.876749046297603222e-04,4.920535393039401559e-04,4.907974968970944991e-04,4.753284648847182453e-04,4.609121160555976486e-04,4.481564154997251851e-04,4.362491467867842150e-04,4.246326575989189858e-04,4.136129594234112111e-04,4.026239486312443148e-04,3.910884316735969805e-04,3.789442843891309334e-04,3.649833006507675046e-04,3.482711565217384278e-04,3.270215444432967460e-04,3.033980894372937504e-04,2.803877558605129034e-04,2.588291264150432806e-04,2.391600906359333091e-04,2.216029235211848969e-04,2.062005015244813117e-04,1.930469167957363274e-04,1.824143318485193588e-04,1.750917428364667577e-04,1.727782725362991161e-04,1.712937529702045127e-04,1.696469253446230782e-04,1.678523079432253542e-04,1.659213704130326297e-04,1.638696088149691138e-04,1.617121612365754143e-04,1.594635800508627439e-04,1.571376773883346708e-04,1.547474195224521787e-04,1.523048587686218311e-04,1.498210971694095232e-04,1.473062760775763972e-04,1.447695862551694331e-04,1.422192937088322812e-04,1.396627771368666644e-04,1.371065735164986538e-04,1.345564289756368361e-04,1.320173526512809323e-04,1.294936717271719887e-04,1.269890862635326804e-04,1.245067227844743110e-04,1.220491858790879563e-04,1.196186073071979310e-04,1.172166922877874366e-04,1.148447627941968663e-04,1.125037977924037033e-04,1.101944704429144782e-04,1.079171823485231799e-04,1.056720949741045092e-04,1.034591583953575262e-04,1.012781375571787028e-04,9.912863625347246481e-05,9.701011912138465289e-05,9.492193220960354512e-05,9.286332353596494105e-05,9.083346759538653986e-05,8.883150468221050937e-05,8.685662265141244111e-05,8.490824419342759850e-05,8.298644488246469716e-05,8.109280830875224973e-05,7.923197520133238062e-05,7.741407003184496186e-05,7.565795478287221456e-05,7.399516276016134507e-05,7.247554429003390123e-05,7.118211912846697585e-05,7.030194273182758288e-05,1.733959507071272946e-20
4.369561437538235782e-04,4.369561437538235782e-04,3.848896787293820719e-04,3.842466327446401918e-04,3.845443458349699921e-04,3.855357972278246098e-04,3.868001445277634786e-04,3.887717942925810301e-04,3.912143372205008980e-04,3.922846243409279835e-04,3.946958790102874921e-04,3.990699957427383689e-04,4.029190143984525459e-04,4.072764593304822140e-04,4.112919728326004361e-04,4.148718691430079773e-04,4.200984474131198875e-04,4.256799139283891191e-04,4.309112698600637333e-04,4.357074327261693174e-04,4.397913816950631207e-04,4.446647270171369187e-04,4.499344989264459260e-04,4.551445259963519344e-04,4.600827971494847717e-04,4.645478233427731331e-04,4.686108872441821505e-04,4.733837374203942968e-04,4.781716872847540105e-04,4.829070080936176575e-04,4.869353217346718624e-04,4.754336223399130423e-04,4.610690465555361594e-04,4.482999850513870151e-04,4.364322381149303865e-04,4.249399070179750416e-04,4.141790904615325042e-04,4.035937082613725614e-04,3.926311133387232286e-04,3.814381039688498625e-04,3.689578726899441787e-04,3.545223709021838219e-04,3.368700177801608260e-04,3.145079250588916865e-04,2.912844501028762469e-04,2.690062371855365844e-04,2.483923712295363177e-04,2.297404425572023979e-04,2.131295903093663284e-04,1.986108544780631189e-04,1.862838559003439040e-04,1.765140886246082058e-04,1.704006604848274156e-04,1.687688543198440018e-04,1.672320117106205518e-04,1.655470282563853153e-04,1.637249044533335099e-04,1.617773450306441850e-04,1.597192500055502856e-04,1.575650637618562278e-04,1.553285967822932209e-04,1.530228968633364720e-04,1.506601635192753746e-04,1.482516958286325475e-04,1.458078683121637566e-04,1.433381294324765796e-04,1.408510178291037232e-04,1.383541919925135050e-04,1.358544697000156750e-04,1.333578741408291833e-04,1.308696842192082113e-04,1.283944870283391980e-04,1.259362309268340194e-04,1.234982780237632073e-04,1.210834551904308457e-04,1.186941029730206529e-04,1.163321219864757000e-04,1.139990165333448741e-04,1.116959353184667679e-04,1.094237092274651400e-04,1.071828862095395679e-04,1.049737633578974274e-04,1.027964163192404305e-04,1.006507261930992457e-04,9.853640411653314453e-05,9.645301381080787753e-05,9.439999262415499294e-05,9.237667242931006661e-05,9.038230420030900214e-05,8.841609682712936479e-05,8.647729721512748794e-05,8.456537394205647915e-05,8.268042935322476828e-05,8.082404835656730997e-05,7.900084826150313559e-05,7.722092791761264361e-05,7.550318315344892162e-05,7.387934860574674265e-05,7.239978980288384262e-05,7.114856525273081564e-05,7.031495332773435888e-05,2.929722465553284810e-21
4.016663294813699889e-04,4.016663294813699889e-04,3.779793609860469025e-04,3.778109315587821157e-04,3.782010486633118171e-04,3.792681096833123880e-04,3.805951547153974598e-04,3.826198477366392998e-04,3.851005230022149775e-04,3.862336428862049240e-04,3.887133244540386177e-04,3.931125670258408178e-04,3.969777707130352933e-04,4.013491123942041416e-04,4.053736518912908360e-04,4.089982081017219879e-04,4.142398762259784958e-04,4.198226198691012859e-04,4.250614319832784821e-04,4.298276784613262128e-04,4.339033050562538267e-04,4.387733444195545036e-04,4.440223632840839931e-04,4.492122322454167945e-04,4.541349162000227766e-04,4.585909315633110135e-04,4.626736630061639472e-04,4.674510970274162332e-04,4.722547180855974085e-04,4.770502296432502383e-04,4.818369282280200814e-04,4.759154515520745265e-04,4.615417598663186754e-04,4.487306523454524993e-04,4.368247001242560866e-04,4.253327628523511663e-04,4.146509503117801914e-04,4.042380230031872063e-04,3.935410993775755235e-04,3.827706815530843650e-04,3.710241979375163298e-04,3.577661652531702817e-04,3.419936373836179617e-04,3.220279139356330231e-04,2.989894702966602240e-04,2.764036383743973869e-04,2.552578252925773866e-04,2.359288397628260309e-04,2.185414614236358389e-04,2.031572583447039261e-04,1.898181355386476248e-04,1.787057383281615258e-04,1.704122293569940302e-04,1.667169009268330761e-04,1.652806310963217840e-04,1.636877235885970873e-04,1.619583720174376583e-04,1.601008202334626277e-04,1.581286404709863602e-04,1.560561284404567140e-04,1.538970435701382002e-04,1.516644630167440625e-04,1.493706792635605073e-04,1.470271336414105331e-04,1.446443795756545241e-04,1.422320702817116871e-04,1.397989659619599753e-04,1.373529560826454898e-04,1.349010928881017935e-04,1.324496328959357786e-04,1.300040836763475323e-04,1.275692537306122971e-04,1.251493037374508442e-04,1.227477978278113937e-04,1.203677538795913161e-04,1.180116920983371423e-04,1.156816813734370215e-04,1.133793830783667302e-04,1.111060921244543491e-04,1.088627751865782874e-04,1.066501061018171689e-04,1.044684985033029036e-04,1.023181357964474835e-04,1.001989986195672521e-04,9.811088996940121475e-05,9.605345825410950089e-05,9.402621878885242962e-05,9.202857505398319871e-05,9.005984345008582928e-05,8.811929190915097291e-05,8.620621903612679551e-05,8.432013555033012148e-05,8.246117272954646806e-05,8.063092759277283464e-05,7.883401449083763182e-05,7.708053187869985657e-05,7.538942383709740984e-05,7.379260265819057800e-05,7.234085413535303727e-05,7.111907550325080856e-05,7.031838799792128087e-05,4.165221962993021406e-22
3.798874404142594543e-04,3.798874404142594543e-04,3.740157215872058432e-04,3.740729714524171313e-04,3.745434584414828231e-04,3.756797674352395085e-04,3.770647141617929966e-04,3.791394574760212203e-04,3.816571770744789762e-04,3.828470642696959721e-04,3.853912712720877027e-04,3.898198312138219097e-04,3.937054779694138841e-04,3.980947700556831058e-04,4.021311890133549513e-04,4.057995342324851630e-04,4.110606139969421409e-04,4.166495926851524769e-04,4.218968685311296667e-04,4.266355086676432411e-04,4.306919714842554273e-04,4.355564020962771478e-04,4.407812409468325342e-04,4.459486629448363359e-04,4.508517643571792726e-04,4.552924317724267220e-04,4.593849003392144422e-04,4.641569978095206835e-04,4.689572729030390234e-04,4.737582020480746820e-04,4.786387854017114208e-04,4.767033384581708657e-04,4.622582905136784397e-04,4.493878342718997583e-04,4.374197869007830672e-04,4.258775329958763454e-04,4.151891557166221039e-04,4.048206235158035671e-04,3.942454423247521741e-04,3.836296006573174729e-04,3.722390773417561124e-04,3.595842232809011788e-04,3.448308142870939335e-04,3.265598931474127196e-04,3.041970770545160624e-04,2.816245432531668024e-04,2.602094879678652404e-04,2.404799705935652761e-04,2.225994020551895437e-04,2.066517969785811905e-04,1.926665196866979735e-04,1.807435712583783569e-04,1.712387458914116671e-04,1.652853650962736486e-04,1.636710997538094324e-04,1.621595955254761991e-04,1.605106418227176060e-04,1.587325265161815897e-04,1.568362079397846273e-04,1.548358240042610955e-04,1.527450506178185867e-04,1.505769599693444706e-04,1.483439010478606994e-04,1.460574200948789420e-04,1.437282120701535693e-04,1.413660981842964964e-04,1.389800245194243065e-04,1.365780772274828104e-04,1.341675103283063381e-04,1.317547826927956795e-04,1.293456013494576724e-04,1.269449687685865469e-04,1.245572322432697478e-04,1.221861338929769046e-04,1.198348601631544537e-04,1.175060899853627310e-04,1.152020410017906798e-04,1.129245134515471130e-04,1.106749314698269476e-04,1.084543816712169181e-04,1.062636489804034702e-04,1.041032497428349084e-04,1.019734621992880464e-04,9.987435444842578266e-05,9.780581006371034068e-05,9.576755161497928638e-05,9.375916259505293537e-05,9.178010904486808431e-05,8.982976455273115315e-05,8.790744886087122534e-05,8.601250652479372298e-05,8.414448710688875958e-05,8.230355158953418099e-05,8.049131591365199436e-05,7.871240516556495871e-05,7.697693463041863451e-05,7.530390624523908315e-05,7.372539193582349371e-05,7.229252709659883568e-05,7.109089798720962818e-05,7.031318145381916301e-05,1.509745179677678218e-19
3.669670676765293097e-04,3.669670676765293097e-04,3.719873695713994720e-04,3.721553295865803485e-04,3.726993281062955955e-04,3.739007764833222826e-04,3.753405789102189647e-04,3.774633234232569541e-04,3.800174349969690727e-04,3.812605946218455963e-04,3.838667208207604078e-04,3.883274898778569725e-04,3.922370795184174368e-04,3.966472432930969578e-04,4.006979530019246514e-04,4.044099327134442366e-04,4.096937033698838031e-04,4.152933025703478011e-04,4.205491599380498796e-04,4.252642790739308070e-04,4.292901767464610318e-04,4.341448147559394421e-04,4.393433457777705907e-04,4.444858791030708808e-04,4.493615782217890353e-04,4.537825814298994116e-04,4.578797657716556792e-04,4.626436058295480902e-04,4.674389386407401450e-04,4.722320653844277452e-04,4.771173543617414944e-04,4.775817206235749525e-04,4.631306042208127257e-04,4.501895524207085515e-04,4.381442029880960702e-04,4.265353056742054788e-04,4.158115799756561854e-04,4.054125560161907856e-04,3.948666098679523735e-04,3.842948536452386746e-04,3.730592050733037911e-04,3.607050580615255952e-04,3.465046127853274463e-04,3.292126819835813748e-04,3.077393243812283287e-04,2.852957837331182513e-04,2.637745077290582179e-04,2.438205259525177374e-04,2.256302101835027838e-04,2.093084675731836852e-04,1.948900378739776350e-04,1.824373192424129158e-04,1.721830666805740818e-04,1.648865543877631201e-04,1.622951310845143543e-04,1.608609247439113843e-04,1.592841387117683509e-04,1.575779184723351332e-04,1.557502890424406351e-04,1.538152276004392722e-04,1.517863038818960462e-04,1.496765604132500752e-04,1.474983765235170934e-04,1.452633766073413630e-04,1.429823704419672971e-04,1.406653210226930704e-04,1.383213349361632559e-04,1.359586707013293156e-04,1.335847609889062083e-04,1.312062451665686909e-04,1.288290091591170236e-04,1.264582301300549603e-04,1.240984239640627806e-04,1.217534939492787211e-04,1.194267794206355814e-04,1.171211034318453154e-04,1.148388187777968654e-04,1.125818518961145353e-04,1.103517443427381631e-04,1.081496916669980063e-04,1.059765796129159750e-04,1.038330176503001601e-04,1.017193698970426762e-04,9.963578353918332799e-05,9.758221490158983851e-05,9.555845340821433019e-05,9.356414392038000876e-05,9.159880872788100871e-05,8.966187283030044796e-05,8.775270266389456771e-05,8.587068458606981493e-05,8.401540445578323788e-05,8.218705308975746170e-05,8.038726947799359123e-05,7.862069815660005317e-05,7.689748231476335651e-05,7.523668762396230956e-05,7.367053258505254780e-05,7.225045272229699592e-05,7.106261850659760081e-05,7.030105977545028574e-05,4.071961718534509660e-20
3.597002001661399177e-04,3.597002001661399177e-04,3.711682923783785146e-04,3.714031601609207888e-04,3.720167181067543147e-04,3.732807013391215207e-04,3.747734403123249695e-04,3.769427498141984800e-04,3.795327688538038357e-04,3.808273048761975075e-04,3.834935643818897970e-04,3.879882403859396959e-04,3.919242522058302052e-04,3.963570980731030919e-04,4.004237811621081549e-04,4.041794699135546902e-04,4.094879734014931897e-04,4.151011864510382792e-04,4.203671220302546033e-04,4.250534416254253545e-04,4.290458908268420576e-04,4.338845085592611043e-04,4.390556566682847885e-04,4.441642528307143028e-04,4.490151667152630509e-04,4.534132322121872541e-04,4.575106159478801050e-04,4.622616906164747587e-04,4.670441288009054433e-04,4.718273223889011864e-04,4.767057348988148276e-04,4.784986696732042581e-04,4.640987428111378226e-04,4.510774827854255472e-04,4.389598036934665918e-04,4.272656233647500871e-04,4.164780711817700791e-04,4.060225880024450435e-04,3.954570823423186649e-04,3.848705105070158853e-04,3.736862339452373953e-04,3.614716032411345982e-04,3.475697196218210548e-04,3.308600562139938413e-04,3.102168480458530365e-04,2.879383972728155085e-04,2.664110725541297313e-04,2.463400437588248002e-04,2.279553599429362510e-04,2.113777714070202713e-04,1.966542336361770736e-04,1.838301403184020326e-04,1.730673359409376131e-04,1.649087753639157192e-04,1.610722278798119226e-04,1.597127257166581322e-04,1.582029346364469591e-04,1.565633481218298639e-04,1.547994361144002418e-04,1.529250010518714165e-04,1.509534886314018093e-04,1.488978918844793505e-04,1.467705999472783320e-04,1.445832947164170910e-04,1.423468804737790456e-04,1.400714423404785035e-04,1.377662286110034953e-04,1.354396523626690951e-04,1.330993081610006717e-04,1.307520001866987309e-04,1.284037786376499588e-04,1.260599817743828269e-04,1.237252814563838193e-04,1.214037304468658921e-04,1.190988101391406720e-04,1.168134776782658873e-04,1.145502117196218209e-04,1.123110562861953795e-04,1.100976623640477514e-04,1.079113270164517907e-04,1.057530299073094733e-04,1.036234672087540460e-04,1.015230829319298343e-04,9.945209777020925569e-05,9.741053559425277700e-05,9.539824782710676083e-05,9.341493617746731836e-05,9.146017499189076460e-05,8.953343683800695483e-05,8.763413142614640916e-05,8.576168410776641496e-05,8.391571523675130724e-05,8.209644533916433029e-05,8.030553883109315880e-05,7.854766493695176433e-05,7.683300141094030831e-05,7.518068088277829529e-05,7.362305934087921193e-05,7.221183964594531850e-05,7.103370735658679283e-05,7.028391088339283306e-05,1.591086012379891453e-19
3.559250848716718021e-04,3.559250848716718021e-04,3.710691446201962651e-04,3.713589085860856723e-04,3.720397358678730450e-04,3.733646346615172406e-04,3.749091112530301560e-04,3.771239842208562237e-04,3.797495155479712020e-04,3.810944959760665936e-04,3.838196581052385234e-04,3.883490806174247551e-04,3.923130907886913802e-04,3.967696047014946021e-04,4.008532773604213655e-04,4.046528341993873841e-04,4.099871381326025818e-04,4.156157584710568867e-04,4.208932984612482665e-04,4.255493769314562091e-04,4.295015612976276734e-04,4.343184774661172057e-04,4.394549016792867750e-04,4.445333039379503770e-04,4.493577941421429429e-04,4.537254746891670261e-04,4.578197519722427633e-04,4.625555034780491474e-04,4.673227222116948490e-04,4.720939328094901676e-04,4.769635486607824498e-04,4.794551159072134566e-04,4.651146285728303747e-04,4.520030402489278636e-04,4.397960863141587846e-04,4.280204751240583539e-04,4.171720651160949669e-04,4.066395535291626446e-04,3.960341194443319987e-04,3.853978581655874164e-04,3.742116200171235790e-04,3.620515866589790526e-04,3.483110751317779891e-04,3.319633161202765548e-04,3.119998188926939760e-04,2.899356902954712913e-04,2.684603264379036057e-04,2.483369874924109644e-04,2.298284730652969327e-04,2.130694191275157639e-04,1.981174535896161311e-04,1.850136555878779965e-04,1.738759486011522029e-04,1.651088054181480474e-04,1.600173748283860854e-04,1.586595065022770098e-04,1.572133467519418171e-04,1.556366799533723732e-04,1.539330509618770302e-04,1.521160273951194762e-04,1.501989152201380529e-04,1.481946405011644330e-04,1.461155846416655575e-04,1.439734698140271310e-04,1.417792782262394910e-04,1.395432014016337893e-04,1.372746145915991847e-04,1.349820717050362936e-04,1.326733165044718639e-04,1.303553062879464703e-04,1.280342447856249713e-04,1.257156215099180597e-04,1.234042552804001441e-04,1.211043400838895143e-04,1.188194918175754911e-04,1.165527947967061968e-04,1.143068471895144773e-04,1.120838047747775709e-04,1.098854226064007838e-04,1.077130943206262913e-04,1.055678889402646202e-04,1.034505851220783194e-04,1.013617028637290451e-04,9.930153274204727115e-05,9.727016280851971295e-05,9.526750335950299922e-05,9.329331004978431139e-05,9.134720659901516280e-05,8.942871068512027563e-05,8.753727310194635704e-05,8.567235638100988311e-05,8.383361416442714170e-05,8.202129648041844205e-05,8.023709444076333990e-05,7.848570489038917298e-05,7.677734383539128432e-05,7.513121232979762048e-05,7.357979769288893769e-05,7.217504938271022095e-05,7.100412483483676282e-05,7.026340657254037930e-05,4.209172505389806576e-20
3.542231799589578103e-04,3.542231799589578103e-04,3.713784783240332756e-04,3.717226181203944985e-04,3.724694001410117973e-04,3.738542164601155269e-04,3.754496783399190966e-04,3.777094252307957776e-04,3.803701415442717923e-04,3.817651945591963377e-04,3.845484059121399649e-04,3.891128834102978193e-04,3.931057974606964205e-04,3.975864410369662366e-04,4.016876407244478545e-04,4.055312618818220994e-04,4.108917881408909634e-04,4.165367851534346297e-04,4.218269146068983916e-04,4.264475845926802449e-04,4.303571189900273850e-04,4.351479657587911751e-04,4.402463845313775914e-04,4.452930105680093925e-04,4.500824504475719069e-04,4.544231536146711909e-04,4.585123378832237908e-04,4.632310426055998042e-04,4.679815012769844031e-04,4.727376015336167379e-04,4.775940631835619743e-04,4.804190803684461604e-04,4.661167093237312967e-04,4.529260528755876228e-04,4.406381273073708949e-04,4.287794817521404134e-04,4.178661329326923877e-04,4.072558415749298372e-04,3.965952948493729649e-04,3.858953586819745610e-04,3.746801476558789625e-04,3.625308302046629507e-04,3.488785489156307797e-04,3.327685731599721707e-04,3.133263521942720119e-04,2.915429049977794561e-04,2.701532562275408395e-04,2.500169075856774423e-04,2.314271979250294529e-04,2.145318312402038762e-04,1.993985308989940552e-04,1.860693019676512930e-04,1.746341895870957329e-04,1.654022814600985408e-04,1.593630368848262060e-04,1.576645730760297326e-04,1.562803283550064754e-04,1.547638936307426554e-04,1.531181071752299200e-04,1.513562408525877983e-04,1.494914458743486143e-04,1.475365651089715312e-04,1.455039562994976578e-04,1.434053665875188450e-04,1.412518416769746512e-04,1.390536660798101076e-04,1.368203296669206689e-04,1.345605159201557037e-04,1.322821075833503009e-04,1.299922058393536981e-04,1.276971596281455210e-04,1.254026022226729779e-04,1.231134926626976369e-04,1.208341600931252686e-04,1.185683494514572532e-04,1.163192672947252894e-04,1.140896268502143257e-04,1.118816916188626799e-04,1.096973170605772865e-04,1.075379900517669526e-04,1.054048659328700281e-04,1.032988030628036061e-04,1.012203948737586335e-04,9.916999948017517642e-05,9.714776695399289204e-05,9.515366447287760144e-05,9.318749980079039550e-05,9.124894434055211734e-05,8.933755933873415865e-05,8.745283529973800376e-05,8.559427078979112407e-05,8.376155194764172546e-05,8.195495807852204364e-05,8.017620758172122077e-05,7.843002640081994528e-05,7.672667059174913273e-05,7.508541000865004119e-05,7.353885915286866698e-05,7.213920142485248665e-05,7.097404033280446732e-05,7.024084182537766795e-05,1.591743355358758732e-19
3.536982170228884846e-04,3.536982170228884846e-04,3.719086521439071312e-04,3.723094410067259588e-04,3.731214304121706067e-04,3.745655387032485566e-04,3.762114980843576603e-04,3.785156444001019135e-04,3.812112739321389687e-04,3.826563422957841008e-04,3.854969930791666264e-04,3.900965408291482165e-04,3.941188176718672773e-04,3.986237540974224406e-04,4.027427152888040859e-04,4.066306208377907377e-04,4.120174088945758413e-04,4.176792469744741937e-04,4.229824831446583108e-04,4.275664095242914776e-04,4.314288660356958242e-04,4.361900486544724150e-04,4.412478378405344987e-04,4.462555410314566172e-04,4.510132694452707825e-04,4.553213630551508975e-04,4.594016354466327196e-04,4.641011004951792565e-04,4.688330977593241702e-04,4.735726923576212251e-04,4.784147921582053279e-04,4.813767948601697564e-04,4.670751472605650257e-04,4.538515486547215513e-04,4.414758507325278105e-04,4.295332848143127683e-04,4.185518394913261974e-04,4.078629812023065715e-04,3.971398577377642449e-04,3.863726462340803607e-04,3.751160634384747877e-04,3.629540438546800005e-04,3.493495880835788422e-04,3.334084021514684202e-04,3.143669812373425776e-04,2.929219056710438262e-04,2.716358377462866182e-04,2.515090745924585870e-04,2.328638463269947151e-04,2.158610733716170491e-04,2.005754121493950263e-04,1.870545129666767599e-04,1.753690231157645999e-04,1.657600272759799894e-04,1.589944377529931452e-04,1.567057483397478197e-04,1.553826160603138983e-04,1.539243399362122346e-04,1.523345556591223203e-04,1.506261726524690131e-04,1.488121729206230627e-04,1.469053006818760892e-04,1.449178750415740799e-04,1.428616539250438747e-04,1.407477333521879625e-04,1.385864787549128611e-04,1.363874836953642730e-04,1.341595514161903109e-04,1.319106948877648178e-04,1.296481514014457723e-04,1.273784082204884854e-04,1.251072362903396778e-04,1.228397294924132746e-04,1.205803473768802050e-04,1.183329597174255033e-04,1.161008915880671320e-04,1.138869679678550538e-04,1.116935571357453914e-04,1.095226123291385652e-04,1.073757113105164638e-04,1.052540936226773247e-04,1.031586954197171498e-04,1.010901818435306807e-04,9.904897698129269147e-05,9.703529150174130581e-05,9.504914816584098295e-05,9.309040566189642676e-05,9.115878199555370331e-05,8.925388100324073187e-05,8.737523203064313543e-05,8.552236894760269247e-05,8.369500985953188274e-05,8.189346312379905922e-05,8.011947461996386463e-05,7.837779999846967603e-05,7.667873603065498977e-05,7.504162110996639870e-05,7.349919405333082696e-05,7.210386461075415096e-05,7.094366746194513142e-05,7.021712255648672365e-05,4.209398497573041188e-20
3.538097459048733084e-04,3.538097459048733084e-04,3.725525277636311441e-04,3.730120843111292984e-04,3.738888472648276419e-04,3.753918330094675954e-04,3.770879507100978489e-04,3.794361612193979431e-04,3.821664740826771138e-04,3.836616740363158417e-04,3.865592978981264379e-04,3.911937845699490135e-04,3.952456090687953591e-04,3.997748465143481319e-04,4.039116277158627034e-04,4.078440568652142318e-04,4.132569382053061170e-04,4.189357965185688207e-04,4.242523635145384743e-04,4.287978941051605905e-04,4.326111935162680147e-04,4.373395831435993486e-04,4.423537813991610724e-04,4.473200035895693086e-04,4.520411714309780058e-04,4.563154345180628043e-04,4.603873903212348960e-04,4.650655670437125154e-04,4.697743472438612746e-04,4.744962676485476173e-04,4.793228709309994818e-04,4.823219785545290934e-04,4.680050029645316310e-04,4.547685231106630022e-04,4.422978478211243110e-04,4.302764897611725337e-04,4.192279461408913175e-04,4.084591010375872191e-04,3.976690416440778518e-04,3.868347919459625469e-04,3.755305009067540678e-04,3.633451413782073165e-04,3.497671998412659996e-04,3.339535064701199180e-04,3.152377884455079965e-04,2.941597372539792748e-04,2.729938642798428097e-04,2.528891037691088765e-04,2.342048111786206488e-04,2.171132877250448053e-04,2.016952554809531512e-04,1.880042610993067239e-04,1.760993710609510448e-04,1.661704324760923082e-04,1.588215145267700022e-04,1.557707057764086238e-04,1.545081406624383810e-04,1.531062873457729294e-04,1.515710063023687859e-04,1.499147617524524182e-04,1.481503531380033733e-04,1.462904111572230518e-04,1.443472019660030771e-04,1.423324808095942655e-04,1.402573816095666959e-04,1.381323394475351691e-04,1.359670414688112080e-04,1.337704016965170477e-04,1.315505554069513864e-04,1.293148690519005134e-04,1.270699621465431008e-04,1.248217380171166607e-04,1.225754207809514348e-04,1.203355963864116018e-04,1.181062559555770970e-04,1.158908400399519907e-04,1.136922827166378966e-04,1.115130547201708869e-04,1.093552050271539585e-04,1.072204004915017038e-04,1.051099632728121010e-04,1.030249059144390538e-04,1.009659640167659568e-04,9.893362652215725709e-05,9.692816369458962596e-05,9.494965297802462607e-05,9.299800317410978517e-05,9.107297816052054311e-05,8.917422370769303270e-05,8.730130742260799653e-05,8.545379798600353898e-05,8.363144509158117179e-05,8.183458592676308430e-05,8.006499381937450346e-05,7.832745424185998454e-05,7.663230470541333370e-05,7.499895153105931112e-05,7.346025575051630993e-05,7.206884884185084188e-05,7.091318815578090352e-05,7.019283075720407180e-05,8.685262465737348265e-21
3.542484995198780847e-04,3.542484995198780847e-04,3.732520932001856030e-04,3.737717737520054027e-04,3.747130343529820359e-04,3.762745957765094621e-04,3.780206116969527636e-04,3.804126355219197603e-04,3.831774300175104855e-04,3.847229742374722646e-04,3.876771786367403370e-04,3.923464066063352585e-04,3.964278066458443357e-04,4.009812791263842936e-04,4.051358433770461411e-04,4.091130512680989356e-04,4.145517512860200310e-04,4.202476584374191743e-04,4.255776170171031089e-04,4.300841278396031722e-04,4.338471291994281287e-04,4.385396997587189026e-04,4.435075038479461607e-04,4.484301434636931154e-04,4.531105793752334483e-04,4.573513578494285215e-04,4.614077816719070477e-04,4.660637105265220178e-04,4.707517246408532831e-04,4.754543831554080007e-04,4.802644369958490611e-04,4.832553963612111394e-04,4.689174575941126226e-04,4.556785414078349562e-04,4.431090604988258542e-04,4.310021068717052699e-04,4.198874291652711648e-04,4.090447544997959290e-04,3.981836394559537160e-04,3.872843207524910287e-04,3.759306397707507679e-04,3.637166875517079895e-04,3.501515999167131377e-04,3.344400304157806557e-04,3.159985245569187952e-04,2.953021616350639481e-04,2.742771299284990747e-04,2.541992698939807911e-04,2.354871842346333444e-04,2.183201821031491123e-04,2.027842888485002282e-04,1.889381836751560437e-04,1.768356414326497218e-04,1.666266990785176356e-04,1.587932083738810931e-04,1.548530098329073997e-04,1.536504582862890391e-04,1.523034676600315313e-04,1.508213758288697460e-04,1.492161017182757319e-04,1.475002501102226334e-04,1.456863238630088536e-04,1.437865224291907506e-04,1.418125854454487422e-04,1.397756728392270651e-04,1.376862785763267568e-04,1.355541737701529675e-04,1.333883747260486571e-04,1.311971315767015988e-04,1.289879334456228027e-04,1.267675264752273878e-04,1.245419415135586710e-04,1.223165287258472017e-04,1.200959968533949634e-04,1.178844552640349516e-04,1.156854573153847130e-04,1.135020438797912514e-04,1.113367861587002923e-04,1.091918271465154979e-04,1.070689212943879727e-04,1.049694720776765688e-04,1.028945672922591966e-04,1.008450120003037464e-04,9.882135912220192783e-05,9.682393774245777267e-05,9.485287930148896722e-05,9.290814210419391650e-05,9.098953535733546782e-05,8.909674628304783928e-05,8.722938032505327165e-05,8.538704061036760866e-05,8.356950812409461135e-05,8.177714866328796505e-05,8.001176285160331472e-05,7.827816583441737713e-05,7.658673554461077593e-05,7.495694543628147392e-05,7.342177708336872254e-05,7.203408070902118064e-05,7.088273136641414353e-05,7.016831330153826003e-05,1.461914880495223888e-21
3.548470001447936138e-04,3.548470001447936138e-04,3.739775429426741107e-04,3.745580693176713276e-04,3.755636186637081354e-04,3.771835108252380225e-04,3.789792049082138146e-04,3.814148391825443137e-04,3.842139304609015803e-04,3.858100865247864075e-04,3.888205098995039751e-04,3.935242552192891384e-04,3.976351741620970403e-04,4.022127829266275998e-04,4.063850444163373001e-04,4.104072992201824883e-04,4.158714914549031436e-04,4.215844011285954760e-04,4.269277272447511416e-04,4.313952483896818144e-04,4.351073098661382890e-04,4.397614097809305895e-04,4.446808350881107275e-04,4.495571269388643734e-04,4.541947789622182916e-04,4.583957988842357872e-04,4.624398144773576641e-04,4.670700399236899902e-04,4.717327782442783633e-04,4.764148918995977791e-04,4.812070081772318840e-04,4.841627112797980848e-04,4.698015414943060969e-04,4.565711781581275361e-04,4.439035626813585874e-04,4.317150623210792284e-04,4.205311787979858868e-04,4.096149089962352555e-04,3.986861809698050434e-04,3.877223453861293229e-04,3.763197248484336757e-04,3.640737478136447437e-04,3.505149692850454681e-04,3.348865128760649193e-04,3.166821213120007430e-04,2.963741105250476834e-04,2.755195478068607484e-04,2.554628237973463395e-04,2.367305988074406631e-04,2.194977986239513696e-04,2.038553709890691555e-04,1.898662629403924016e-04,1.775819743681721714e-04,1.671232017409909974e-04,1.588768395784000088e-04,1.540440102504733396e-04,1.528062151587432122e-04,1.515127185062693153e-04,1.500825983889231871e-04,1.485272182272917021e-04,1.468589764876060346e-04,1.450902344551454107e-04,1.432331116505738391e-04,1.412993196293372427e-04,1.393000328293541961e-04,1.372457936915057793e-04,1.351464480040925876e-04,1.330111061512964838e-04,1.308481259460536942e-04,1.286651129508955735e-04,1.264689345521211516e-04,1.242657444892416078e-04,1.220610150045494242e-04,1.198595742335247498e-04,1.176656468835667518e-04,1.154828966337917667e-04,1.133144690264319978e-04,1.111630339095885086e-04,1.090308267337720358e-04,1.069196882045102634e-04,1.048311019551412829e-04,1.027662300329052251e-04,1.007259460931784047e-04,9.871086627831502714e-05,9.672137783289332027e-05,9.475766561493083578e-05,9.281973692368541084e-05,9.090744584669838905e-05,8.902052066288192037e-05,8.715860430635606246e-05,8.532133405017702441e-05,8.350852191480010204e-05,8.172056208703668847e-05,7.995928227298239766e-05,7.822952700859873380e-05,7.654171415803849013e-05,7.491538342420975098e-05,7.338363547487389282e-05,7.199953714408628973e-05,7.085237805276319945e-05,7.014376332382916230e-05,2.073109379094983705e-22
3.555194900262615343e-04,3.555194900262615343e-04,3.747143359117723060e-04,3.753560435833631849e-04,3.764256900294246058e-04,3.781036951057110225e-04,3.799488668135316666e-04,3.824279347082362832e-04,3.852611466688018560e-04,3.869082131753881384e-04,3.899745031211989082e-04,3.947125337652552732e-04,3.988528720295448694e-04,4.034545049792481177e-04,4.076443541751703409e-04,4.117119339898110447e-04,4.172012675743959819e-04,4.229310980177881474e-04,4.282877261592420181e-04,4.327164952598318791e-04,4.363773876687809198e-04,4.409913212051883220e-04,4.458602609185181994e-04,4.506882859036005231e-04,4.552806488945119806e-04,4.594393519589844892e-04,4.634690941098395947e-04,4.680693177737282233e-04,4.727090155302118585e-04,4.773682276459937854e-04,4.821383964325388796e-04,4.850467881681538342e-04,4.706607684910690359e-04,4.574056085189896217e-04,4.446896194638351647e-04,4.324207605689607136e-04,4.211593655190948608e-04,4.101693993978425940e-04,3.991773400332877309e-04,3.881502042175521321e-04,3.766985550499949158e-04,3.644198807605072738e-04,3.508606139206530143e-04,3.353029225299728735e-04,3.173063012868099003e-04,2.973852844306137727e-04,2.767222790460266532e-04,2.566920206758197681e-04,2.379447079570066277e-04,2.206538760927786622e-04,2.049147543240150045e-04,1.907923120292369607e-04,1.783392135456702296e-04,1.676543644358885487e-04,1.590496508141593472e-04,1.534835906846501936e-04,1.519733231510084106e-04,1.507325325566340386e-04,1.493532099643151312e-04,1.478466944065555660e-04,1.462251589887946944e-04,1.445008103987850949e-04,1.426856755173487167e-04,1.407914257719832093e-04,1.388292389642804196e-04,1.368096958879025838e-04,1.347427079514187389e-04,1.326374716157353265e-04,1.305024453707266045e-04,1.283453451362883693e-04,1.261731542936582397e-04,1.239921449648929150e-04,1.218079076096437261e-04,1.196253864616128273e-04,1.174489187573536886e-04,1.152822761026439880e-04,1.131287066686594126e-04,1.109909772095204355e-04,1.088714141453409273e-04,1.067719431642242498e-04,1.046941269669258350e-04,1.026392009144295748e-04,1.006081064468697069e-04,9.860152222928358023e-05,9.661989305952288954e-05,9.466345668493217846e-05,9.273226893780771210e-05,9.082622838264585777e-05,8.894510400128799238e-05,8.708857590865174466e-05,8.525631525377021713e-05,8.344816485543990502e-05,8.166454707043627062e-05,7.990731644514254299e-05,7.818134656115953310e-05,7.649709464279624111e-05,7.487416571635998838e-05,7.334577820430149221e-05,7.196521382876404133e-05,7.082217453764665842e-05,7.011928181179373325e-05,2.536726864038430248e-23
3.562244318130278089e-04,3.562244318130278089e-04,3.754557289076462258e-04,3.761587582420471382e-04,3.772923027579003392e-04,3.790282152412445364e-04,3.809226734391271186e-04,3.834450120043640816e-04,3.863121720933187456e-04,3.880104630802558296e-04,3.911322686860256668e-04,3.959043521598837562e-04,4.000739895287228802e-04,4.046995295849259975e-04,4.089068459880468190e-04,4.130200349281311877e-04,4.185341490775775679e-04,4.242808024107699600e-04,4.296506479562327849e-04,4.340407122233292075e-04,4.376507908105202438e-04,4.422232549290272129e-04,4.470404193605770826e-04,4.518178396632422300e-04,4.563630492491876217e-04,4.604773769932282365e-04,4.644878416272150501e-04,4.690605679415207831e-04,4.736701342798524655e-04,4.783064990793143450e-04,4.830569564602596173e-04,4.859181821828677012e-04,4.714990754428722251e-04,4.582003254424178306e-04,4.454663379678072709e-04,4.331071474550885706e-04,4.217801273904378426e-04,4.107095812729625304e-04,3.996575400690870390e-04,3.885683773950663125e-04,3.770675417398565064e-04,3.647553788110486912e-04,3.511927086754732387e-04,3.356934189183338052e-04,3.178806861161042382e-04,2.983369574030005317e-04,2.778818352192270096e-04,2.578940991550859917e-04,2.391340899093271667e-04,2.217913080754621590e-04,2.059641237640483214e-04,1.917173934972732797e-04,1.791069253851188502e-04,1.682148676016804664e-04,1.592948192459514155e-04,1.531200086003040874e-04,1.511507417108773018e-04,1.499622276354272842e-04,1.486325435262825982e-04,1.471738890001423629e-04,1.455981788404082597e-04,1.439174530588402520e-04,1.421436337093886864e-04,1.402883404620039356e-04,1.383627436637721651e-04,1.363774525963042648e-04,1.343424354352817398e-04,1.322669668745832152e-04,1.301595992032587325e-04,1.280281527178611992e-04,1.258797216282166198e-04,1.237206919989933057e-04,1.215567687063999795e-04,1.193930088377324395e-04,1.172338593939294810e-04,1.150831975538183383e-04,1.129443721143631621e-04,1.108202450300266231e-04,1.087132322366507145e-04,1.066253431637248430e-04,1.045582185176941982e-04,1.025131660629014798e-04,1.004911942415409804e-04,9.849304356643685582e-05,9.651921580497896435e-05,9.457000108735267175e-05,9.264550333811080642e-05,9.074566521411466739e-05,8.887029606406368111e-05,8.701911288995594327e-05,8.519182045975642707e-05,8.338829216176714572e-05,8.160897830297752283e-05,7.985576001566640895e-05,7.813353955554819502e-05,7.645281290178134912e-05,7.483324946155508453e-05,7.330818412164747712e-05,7.193111195330564791e-05,7.079214539605168017e-05,7.009491859262470548e-05,2.727920807234944782e-24
3.569421662703062921e-04,3.569421662703062921e-04,3.761987177719553757e-04,3.769631568214153530e-04,3.781603828023662466e-04,3.799540024140179886e-04,3.818975608670227128e-04,3.844630139141548032e-04,3.873639494436716298e-04,3.891137843916494653e-04,3.922907545629900528e-04,3.970966594864778457e-04,4.012954676836390754e-04,4.059447954094387145e-04,4.101694542336086218e-04,4.143285368381968833e-04,4.198670695108402094e-04,4.256304407325390898e-04,4.310134118209182972e-04,4.353647744817389824e-04,4.389247944634150182e-04,4.434547839074099861e-04,4.482189461815006730e-04,4.529442912270211690e-04,4.574403894151278949e-04,4.615083949403018843e-04,4.654975146079800273e-04,4.700382672511328329e-04,4.746194063625010662e-04,4.792293628666433785e-04,4.839565256259282665e-04,4.867652682156322730e-04,4.723230549151959503e-04,4.589758754068217145e-04,4.462342844355321448e-04,4.337829337747418977e-04,4.223916601341173882e-04,4.112362848426734732e-04,4.001268449426698104e-04,3.889777070302777350e-04,3.774260736132642349e-04,3.650809976671125462e-04,3.515109718358829546e-04,3.360617710885627045e-04,3.184125518154385173e-04,2.992261552737636660e-04,2.789981439133621039e-04,2.590781040470997547e-04,2.403012053155584478e-04,2.229120203329624421e-04,2.070041642355979934e-04,1.926418848025783059e-04,1.798834557144141338e-04,1.688000636919318115e-04,1.595993203517074698e-04,1.529105045061979922e-04,1.503381541461605944e-04,1.492015088965540574e-04,1.479203134278693585e-04,1.465085323146542704e-04,1.449777791348436562e-04,1.433399161525250771e-04,1.416067489332880659e-04,1.397898341772523109e-04,1.379003242830980865e-04,1.359488474041151878e-04,1.339454198186285972e-04,1.318993867519509592e-04,1.298193875213865468e-04,1.277133408997387510e-04,1.255884468197156580e-04,1.234512008949544882e-04,1.213074186532283862e-04,1.191622668191432045e-04,1.170202994161775487e-04,1.148854968616796297e-04,1.127613065915314866e-04,1.106506840691487989e-04,1.085561333050222624e-04,1.064797462405236338e-04,1.044232405368636200e-04,1.023879954614894918e-04,1.003750856854768484e-04,9.838531290355900750e-05,9.641923527747571065e-05,9.447719482187610354e-05,9.255934312045078637e-05,9.066566654503729070e-05,8.879601448176944328e-05,8.695014053192099259e-05,8.512778283013079693e-05,8.332884510831214660e-05,8.155380540385791504e-05,7.980457117615485918e-05,7.808607297421438296e-05,7.640884491505968760e-05,7.479261983925019654e-05,7.327084782799771657e-05,7.189723583775150151e-05,7.076230513450450753e-05,7.007069918561512436e-05,3.005446774193142450e-19
3.576629605031733813e-04,3.576629605031733813e-04,3.769422403709377371e-04,3.777681110104880256e-04,3.790287836443000081e-04,3.808799124232207828e-04,3.828723871769548065e-04,3.854808048215038231e-04,3.884153427418798811e-04,3.902170363379566724e-04,3.934488264115081459e-04,3.982883270376136840e-04,4.025161721850575055e-04,4.071891690099678799e-04,4.114310433041272366e-04,4.156363005329315381e-04,4.211988969423029975e-04,4.269788781970828748e-04,4.323748787110029586e-04,4.366875743319926649e-04,4.401983475619620557e-04,4.446851618112997130e-04,4.493956395208028535e-04,4.540676068115448070e-04,4.585127151188541652e-04,4.625324435247469678e-04,4.664987902720043895e-04,4.710044179214208505e-04,4.755563796159620088e-04,4.801364782714576335e-04,4.848421927604648477e-04,4.875930519967085121e-04,4.731243471852598762e-04,4.597285733388280335e-04,4.469998233199443463e-04,4.344407109787212849e-04,4.229870924905157828e-04,4.117545476751987188e-04,4.005854026666111150e-04,3.893767460803486857e-04,3.777749180433689642e-04,3.653966209524352866e-04,3.518159986320336255e-04,3.364097634740620445e-04,3.189057389119789908e-04,3.000454614258559979e-04,2.800688372515249078e-04,2.602495253333756992e-04,2.414484542587945709e-04,2.240168744024358517e-04,2.080347183178718256e-04,1.935649393231248080e-04,1.806669465477957724e-04,1.694060681354722913e-04,1.599528295623341525e-04,1.528234662491075296e-04,1.495355010213516688e-04,1.484502566792974491e-04,1.472164095155772457e-04,1.458505256816788724e-04,1.443638696212073199e-04,1.427681157709014502e-04,1.410749420687497900e-04,1.392958314507535163e-04,1.374419081961992628e-04,1.355238099590000400e-04,1.335515926389403186e-04,1.315346644262744343e-04,1.294817449937611827e-04,1.274008457604410450e-04,1.252992673260954447e-04,1.231836104946064901e-04,1.210597977045824641e-04,1.189331021182666638e-04,1.168081820512205718e-04,1.146891188325180300e-04,1.125794565554130033e-04,1.104822425046106073e-04,1.084000673268633284e-04,1.063351042479930683e-04,1.042891468347604189e-04,1.022636449589547122e-04,1.002597387487738141e-04,9.827829041635219092e-05,9.631991394396885605e-05,9.438500273374100704e-05,9.247375559677211538e-05,9.058620224384587329e-05,8.872223177042713217e-05,8.688163409045368427e-05,8.506418045396856487e-05,8.326980471131049098e-05,8.149901241084536859e-05,7.975373708038005515e-05,7.803893718130409257e-05,7.636518435136101810e-05,7.475227391756898438e-05,7.323376989048885311e-05,7.186358966595987228e-05,7.073266172038253580e-05,7.004663562942988180e-05,8.121674876014539910e-20
3.583832855984450541e-04,3.583832855984450541e-04,3.776859541176540787e-04,3.785733417261938328e-04,3.798972097903425670e-04,3.818056498987621740e-04,3.838468589171012044e-04,3.864980926266510714e-04,3.894660563524067779e-04,3.913199179230237223e-04,3.946061853679978977e-04,3.994790569866014203e-04,4.037358068223941693e-04,4.084323528593894622e-04,4.126913168142903746e-04,4.169430179078860801e-04,4.225293342224513025e-04,4.283258167638474899e-04,4.337347520808118172e-04,4.380088334249019385e-04,4.414711138283281943e-04,4.459142889311961885e-04,4.505706167543420057e-04,4.551884498949044047e-04,4.595811321538158072e-04,4.635505374036513293e-04,4.674925817122498376e-04,4.719612061440738872e-04,4.764792005008741259e-04,4.810326032538691111e-04,4.857092054234656941e-04,4.884116898422677377e-04,4.739098578205902827e-04,4.604608303933715161e-04,4.477063312147097109e-04,4.351033033722382444e-04,4.235725806499450528e-04,4.122649894767439435e-04,4.010329423946820985e-04,3.897654661875739291e-04,3.781137954207167769e-04,3.657018775622807244e-04,3.521092324840745529e-04,3.367376761181845360e-04,3.193647236564848202e-04,3.007976005854987056e-04,2.810907330014419405e-04,2.613950299401780904e-04,2.425773548944740025e-04,2.251058071629336531e-04,2.090553218877115908e-04,1.944857432609442657e-04,1.814564231589921458e-04,1.700294796912358241e-04,1.603468675503569513e-04,1.528349063943458845e-04,1.487600815535662603e-04,1.477084387530627741e-04,1.465208185835840005e-04,1.451998652203955365e-04,1.437564527019854739e-04,1.422020584985239958e-04,1.405482223025951926e-04,1.388063429171093664e-04,1.369875066608347688e-04,1.351023515688243271e-04,1.331609648697439769e-04,1.311728102913395702e-04,1.291466812899058245e-04,1.270906761726240818e-04,1.250121912008374182e-04,1.229179280444183883e-04,1.208139123350021252e-04,1.187055204875742467e-04,1.165975123882669019e-04,1.144940679560928659e-04,1.123988259624256420e-04,1.103149238260923813e-04,1.082450373910962731e-04,1.061914199389488492e-04,1.041559398910371593e-04,1.021401168228198449e-04,1.001451555458999289e-04,9.817197812338584041e-05,9.622125378242337931e-05,9.429342681385511932e-05,9.238874282282330921e-05,9.050727448149951991e-05,8.864895026510894685e-05,8.681359611226557144e-05,8.500101613586130505e-05,8.321117407843006979e-05,8.144460277948328429e-05,7.970326157745206020e-05,7.799213646796540850e-05,7.632183599664837546e-05,7.471221703391111907e-05,7.319695625524863221e-05,7.183018004775339410e-05,7.070322248410666256e-05,7.002273605790868959e-05,1.695591925194061071e-20
3.590965118337693159e-04,3.590965118337693159e-04,3.784300628377773200e-04,3.793791107810930130e-04,3.807659125390311871e-04,3.827314658081473493e-04,3.848212285276447590e-04,3.875151309807942502e-04,3.905163405242520112e-04,3.924226723364954692e-04,3.957630782066684483e-04,4.006690986914906169e-04,4.049546236173955289e-04,4.096745986227814528e-04,4.139505292571920062e-04,4.182489276185371294e-04,4.238586360398195470e-04,4.296715118464511959e-04,4.350932900798256146e-04,4.393287689550394600e-04,4.427433119581988558e-04,4.471423583192794490e-04,4.517447208931232080e-04,4.563075743092056950e-04,4.606466470539431345e-04,4.645643562242121214e-04,4.684803467982417220e-04,4.729101540386026711e-04,4.773922604257116345e-04,4.819138023071422097e-04,4.865656225995985051e-04,4.892117818148030307e-04,4.746813623945335620e-04,4.611814895607314327e-04,4.483731402443163886e-04,4.357651536959401026e-04,4.241442083680276357e-04,4.127661192386380181e-04,4.014725195623475664e-04,3.901435439186630612e-04,3.784429068673596827e-04,3.659972124348738498e-04,3.523896810022293159e-04,3.370479494871406992e-04,3.197914287545073090e-04,3.014897085465749276e-04,2.820692409489894653e-04,2.625089274852382437e-04,2.436901740936917124e-04,2.261789233444688383e-04,2.100648079555201555e-04,1.954030458058129451e-04,1.822500471547256655e-04,1.706673403639039966e-04,1.607745709950264643e-04,1.529265294168643304e-04,1.481557682759940590e-04,1.469758704217714244e-04,1.458336041791250491e-04,1.445566201296060891e-04,1.431556024751549504e-04,1.416418211800898506e-04,1.400266676177550963e-04,1.383214465194540672e-04,1.365371967381606179e-04,1.346845478279737806e-04,1.327736102476041692e-04,1.308138959781555153e-04,1.288142657915935315e-04,1.267828991992439342e-04,1.247272831701276596e-04,1.226542159507632208e-04,1.205698226707752562e-04,1.184795798269882775e-04,1.163883461624257479e-04,1.143003978677285771e-04,1.122194664136830569e-04,1.101487776646609281e-04,1.080910912202417067e-04,1.060487391854224374e-04,1.040236637814312317e-04,1.020174533826873325e-04,1.000313767063939346e-04,9.806641499617359421e-05,9.612329214447908727e-05,9.420250282840427045e-05,9.230433901019081250e-05,9.042891594247095329e-05,8.857620114748828734e-05,8.674605629757335960e-05,8.493831811329830928e-05,8.315298000125400876e-05,8.139060187182503483e-05,7.965316861851527328e-05,7.794569339908668376e-05,7.627882106360269062e-05,7.467246909195556599e-05,7.316042556301407911e-05,7.179702439919704931e-05,7.067400364077190971e-05,6.999901550738672111e-05,1.530683907554845250e-19
3.597914497506173211e-04,3.597914497506173211e-04,3.791756546325427682e-04,3.801866225305024303e-04,3.816360896310149343e-04,3.836585558920702684e-04,3.857966926118679141e-04,3.885331149148855382e-04,3.915673857324325946e-04,3.935264840513109149e-04,3.969206885376957050e-04,4.018596379733360680e-04,4.061738155512427113e-04,4.109170990932048970e-04,4.152098797048521376e-04,4.195552080921346192e-04,4.251880001521929375e-04,4.310171647081980457e-04,4.364517008005406175e-04,4.406485740051745820e-04,4.440161004591734089e-04,4.483706395641132766e-04,4.529189445821275926e-04,4.574265673398873982e-04,4.617113202415477555e-04,4.655758521498261533e-04,4.694642785784389118e-04,4.738536812826370129e-04,4.782983362753424179e-04,4.827859543143960680e-04,4.874088400015369623e-04,4.900051741524690928e-04,4.754362769824316531e-04,4.618865214599537786e-04,4.490240000896287328e-04,4.364231584671166182e-04,4.247118185096812365e-04,4.132592172673653624e-04,4.019029275838305348e-04,3.905126167787215520e-04,3.787630278245154836e-04,3.662826558338167253e-04,3.526581148752297142e-04,3.373404077020270789e-04,3.201895860763576043e-04,3.021262000448557894e-04,2.830060293267592088e-04,2.635900736795217009e-04,2.447950247601356362e-04,2.272363033314497925e-04,2.110626537495556088e-04,1.963150448770302806e-04,1.830458281859181262e-04,1.713167962765720477e-04,1.612303548116674054e-04,1.530840224647967600e-04,1.477280610517950679e-04,1.462524295825100079e-04,1.451550101717238709e-04,1.439210295694386198e-04,1.425615589274585213e-04,1.410876423111757363e-04,1.395105133791869510e-04,1.378413732989053884e-04,1.360912043048102880e-04,1.342706188802172561e-04,1.323897428213588760e-04,1.304581292319285880e-04,1.284846998434337184e-04,1.264777097668567539e-04,1.244447317799227668e-04,1.223926564529340881e-04,1.203277047412516044e-04,1.182554500653993490e-04,1.161808473171201697e-04,1.141082666407690203e-04,1.120415302246109012e-04,1.099839506843250663e-04,1.079383699260871404e-04,1.059071976378864042e-04,1.038924487770962553e-04,1.018957796032062907e-04,9.991852195195756762e-05,9.796171556786074930e-05,9.602613842011954216e-05,9.411233506085255377e-05,9.222064336403479811e-05,9.035122077370812859e-05,8.850407351866426534e-05,8.667909870675819537e-05,8.487616540463168758e-05,8.309529644983764925e-05,8.133707860135708267e-05,7.960352205534646560e-05,7.789966676996227580e-05,7.623619331346352364e-05,7.463307885948155520e-05,7.312422163610492242e-05,7.176416163006944880e-05,7.064503918139460482e-05,6.997550300269553259e-05,4.101093999384082957e-20
3.604457772906194922e-04,3.604457772906194922e-04,3.799254824142117462e-04,3.809988650242127550e-04,3.825107235710398039e-04,3.845898980183095218e-04,3.867762288758287421e-04,3.895550153745513293e-04,3.926221561628986077e-04,3.946343132896688280e-04,3.980819675996903118e-04,4.030536280797361202e-04,4.073963513137453750e-04,4.121628230351838851e-04,4.164723489079011397e-04,4.208648144434916664e-04,4.265204042415142341e-04,4.323657615339645622e-04,4.378129847354989153e-04,4.419711987088858129e-04,4.452923545948379402e-04,4.496021033566456799e-04,4.540963350963748263e-04,4.585489255358417347e-04,4.627786293206670367e-04,4.665889967739363250e-04,4.704484803176727263e-04,4.747956560487991856e-04,4.792011018110213733e-04,4.836537485942889463e-04,4.882452029920984976e-04,4.907867857540754121e-04,4.761855976753681359e-04,4.625770259088297551e-04,4.496621965091156530e-04,4.370704497193235905e-04,4.252699283577878711e-04,4.137433831658651924e-04,4.023293600056687116e-04,3.908736916385610084e-04,3.790750861174928960e-04,3.665589314368704050e-04,3.529158468267865143e-04,3.376167695422584766e-04,3.205599609324988743e-04,3.027126857180310882e-04,2.838991139971212049e-04,2.646355219753182639e-04,2.458897543007161298e-04,2.282779871634241480e-04,2.120477205684656921e-04,1.972200643074355556e-04,1.838421051328750137e-04,1.719752144534157927e-04,1.617094663112010307e-04,1.532959617867906603e-04,1.474413384944554470e-04,1.455385636034615233e-04,1.444856221127470018e-04,1.432936655954658806e-04,1.419748868085942567e-04,1.405400768043245981e-04,1.390003029687303892e-04,1.373666538933406641e-04,1.356500464271758149e-04,1.338610676936970677e-04,1.320098511640613954e-04,1.301059841058865320e-04,1.281584429798578889e-04,1.261755529814052043e-04,1.241649678588909182e-04,1.221336662926917195e-04,1.200879614142864838e-04,1.180335204200365731e-04,1.159753916433564988e-04,1.139180368588092745e-04,1.118653669798190379e-04,1.098207796653452134e-04,1.077871976630889977e-04,1.057671069859048279e-04,1.037625942450980348e-04,1.017753826523124585e-04,9.980686635561662713e-05,9.785814290171773212e-05,9.593004372922607590e-05,9.402316273568722118e-05,9.213788324357146385e-05,9.027440448203731093e-05,8.843277102943705671e-05,8.661291511546508493e-05,8.481473787734087114e-05,8.303829133967542068e-05,8.128418888269641970e-05,7.955446575761688621e-05,7.785418838004942407e-05,7.619407248281072429e-05,7.459415405388980036e-05,7.308844023481634981e-05,7.173167558091242857e-05,7.061640098594260031e-05,6.995225832312284512e-05,8.528758541822253785e-21
3.610146431277980292e-04,3.610146431277980292e-04,3.806857548938430923e-04,3.818224871705518694e-04,3.833964530630703908e-04,3.855321214028208012e-04,3.877664639106296381e-04,3.905874437369935667e-04,3.936872525075417722e-04,3.957527570301505094e-04,3.992534916898338886e-04,4.042576493400108946e-04,4.086288408231720658e-04,4.134183820784347865e-04,4.177445693324513586e-04,4.221843475279249847e-04,4.278624775797860384e-04,4.337239496754207216e-04,4.391838165167231576e-04,4.433032037626483905e-04,4.465786512120212574e-04,4.508432627171290639e-04,4.552835039143721552e-04,4.596809280231356227e-04,4.638555465244699905e-04,4.676107224317503576e-04,4.714398667499703367e-04,4.757435265716875548e-04,4.801083294479011206e-04,4.845241520856612420e-04,4.890834211776582535e-04,4.915650305728698792e-04,4.769250759426763063e-04,4.632659567884343734e-04,4.502881802972930688e-04,4.376731030173414247e-04,4.258322568589841808e-04,4.142231488152385284e-04,4.027516953525045462e-04,3.912296657224964883e-04,3.793817108331770205e-04,3.668279202443048745e-04,3.531637716467777590e-04,3.378788711263756850e-04,3.209051254350922902e-04,3.032507710288107018e-04,2.847442574146646400e-04,2.656413237999416662e-04,2.469583289068217843e-04,2.293017967664591039e-04,2.130169614200727395e-04,1.981149552264776636e-04,1.846352736803648256e-04,1.726386264743144780e-04,1.622065738285934458e-04,1.535523116600775702e-04,1.472683620814992100e-04,1.448355561029078141e-04,1.438267134853652460e-04,1.426757744926715596e-04,1.413968081657897822e-04,1.400003197390675940e-04,1.384972027149639680e-04,1.368984246525312544e-04,1.352148287013691741e-04,1.334569686933467054e-04,1.316349783877018224e-04,1.297584724649584055e-04,1.278364760364556298e-04,1.258773789735920788e-04,1.238889112281666837e-04,1.218781354194734467e-04,1.198514532260788203e-04,1.178146224759385588e-04,1.157727822278285470e-04,1.137304835440623724e-04,1.116917240448194192e-04,1.096599846930508277e-04,1.076382675780266458e-04,1.056291337420396068e-04,1.036347403292897792e-04,1.016568765310866493e-04,9.969699796178909583e-05,9.775625923198435260e-05,9.583554460324701359e-05,9.393549675063634014e-05,9.205654394457562118e-05,9.019892675695479389e-05,8.836272772413365794e-05,8.654791385149016416e-05,8.475441804230274181e-05,8.298232124157011445e-05,8.123226321228700587e-05,7.950630402168100668e-05,7.780953623606976237e-05,7.615271026301707348e-05,7.455592009788753556e-05,7.305328059824757925e-05,7.169973934413077787e-05,7.058823587404186529e-05,6.992940166194007781e-05,1.442837933891216573e-21
3.614131038486605098e-04,3.614131038486605098e-04,3.814696485153687964e-04,3.826714631151158729e-04,3.843072275804723355e-04,3.864991569056670621e-04,3.887813202172655082e-04,3.916442937631042483e-04,3.947765506543958903e-04,3.968956823512474188e-04,4.004490907868510602e-04,4.054855430373308393e-04,4.098851783313250453e-04,4.146976768328480725e-04,4.190404752094072246e-04,4.235277018540266510e-04,4.292281554737999356e-04,4.351057002277276646e-04,4.405782161796610412e-04,4.446583446880599520e-04,4.478886291568700672e-04,4.521077913950748931e-04,4.564941591621511207e-04,4.608363609681532668e-04,4.649556242085755848e-04,4.686551501726228227e-04,4.724532202491818597e-04,4.767116122165595627e-04,4.810339461008048098e-04,4.854114019171644175e-04,4.899364404762405036e-04,4.923498826705783368e-04,4.776676993670269430e-04,4.639495604918018553e-04,4.509192090149384243e-04,4.382512690859911354e-04,4.264054298724212770e-04,4.147040400298837646e-04,4.031728850887703226e-04,3.915848976055521656e-04,3.796872112624646335e-04,3.670930999633461710e-04,3.534044000697988291e-04,3.381274914980963693e-04,3.212259793779664364e-04,3.037426200814743603e-04,2.855303109814804610e-04,2.665997028205357240e-04,2.479896747749024037e-04,2.303030007792295256e-04,2.139642743117869624e-04,1.989934308132242438e-04,1.854201052747282490e-04,1.733013643042904831e-04,1.627151004349548303e-04,1.538433520434035677e-04,1.471872179218469483e-04,1.441461445807165653e-04,1.431808978750217229e-04,1.420699133452603825e-04,1.408298225103878185e-04,1.394708100387727302e-04,1.380035890066320286e-04,1.364389981945297024e-04,1.347877993251366880e-04,1.330605054750628514e-04,1.312672436691909872e-04,1.294176495254842308e-04,1.275207909281090570e-04,1.255851171546280376e-04,1.236184296809644280e-04,1.216278709410882847e-04,1.196199275457701384e-04,1.176004447986644523e-04,1.155746497358251212e-04,1.135471803176957951e-04,1.115221187940136145e-04,1.095030276251261569e-04,1.074929866685522199e-04,1.054946306231502740e-04,1.035101859650439451e-04,1.015415068115015209e-04,9.959010931565147470e-05,9.765720433267369605e-05,9.574372822081135147e-05,9.385037178651260497e-05,9.197760767144669432e-05,9.012571727421118549e-05,8.829482062712181681e-05,8.648491909895205038e-05,8.469597699548482713e-05,8.292810386920702089e-05,8.118196560459834895e-05,7.945964686217745572e-05,7.776626612290433982e-05,7.611260810365832227e-05,7.451882414009059733e-05,7.301913567812110906e-05,7.166869167006122447e-05,7.056082803612855764e-05,6.990716176215295511e-05,1.503092796583120931e-19
3.614909531446165204e-04,3.614909531446165204e-04,3.823035497491920399e-04,3.835736044602656492e-04,3.852708047562980074e-04,3.875187269770584116e-04,3.898484994249343358e-04,3.927532179847605305e-04,3.959176728267410693e-04,3.980906856248175320e-04,4.016963027896907246e-04,4.067648769038917280e-04,4.111930198373204984e-04,4.160283802626921928e-04,4.203877893370060615e-04,4.249225498920264398e-04,4.306451756269080982e-04,4.365388171998312288e-04,4.420240696844511975e-04,4.460637608840136879e-04,4.492492807238792360e-04,4.534226464515965006e-04,4.577552394760403000e-04,4.620420764490826521e-04,4.661059832848561766e-04,4.697493767147806177e-04,4.735154553738736278e-04,4.777269582157423074e-04,4.820053856804377046e-04,4.863424910338353508e-04,4.908314095263647007e-04,4.931477187402353917e-04,4.784230634284779207e-04,4.646493756421229602e-04,4.515542863223042519e-04,4.388359770230404293e-04,4.269994600566154254e-04,4.151944031307033757e-04,4.036010415435379380e-04,3.919471023304288188e-04,3.799985380480691414e-04,3.673592649947352929e-04,3.536412853061322056e-04,3.383638139436819306e-04,3.215205144704814597e-04,3.041830917836522638e-04,2.862422131189338247e-04,2.674941765813015665e-04,2.489676868080149775e-04,2.312748065688675578e-04,2.148773660229964539e-04,1.998435421734322660e-04,1.861853162315000318e-04,1.739542086848313597e-04,1.632257889508200897e-04,1.541580364682360071e-04,1.471789407942916249e-04,1.434868301318216694e-04,1.425532372497434399e-04,1.414810350433782973e-04,1.402787638773401535e-04,1.389562593269710324e-04,1.375240488010800457e-04,1.359928355621413225e-04,1.343732930161911404e-04,1.326758866963217130e-04,1.309107304001235535e-04,1.290874746085996600e-04,1.272152243911749603e-04,1.253024833579451276e-04,1.233571199471262246e-04,1.213863523356996442e-04,1.193967484515122402e-04,1.173942378753758178e-04,1.153841327964005224e-04,1.133711555813486763e-04,1.113594709103336112e-04,1.093527207978686093e-04,1.073540611493319926e-04,1.053661987932157150e-04,1.033914281783156251e-04,1.014316671339062355e-04,9.948849126394171069e-05,9.756316668972777684e-05,9.565668098313913478e-05,9.376977228248968381e-05,9.190295687481410034e-05,9.005655632526346455e-05,8.823072756224760492e-05,8.642550577661858489e-05,8.464088619816758610e-05,8.287700658433138690e-05,8.113455863583478810e-05,7.941565141528287826e-05,7.772542921730761609e-05,7.607471093779854415e-05,7.448370484403417011e-05,7.298673795516096344e-05,7.163915869438831506e-05,7.053469634430292463e-05,6.988594812624121359e-05,4.062197654802538057e-20
3.610022471274625068e-04,3.610022471274625068e-04,3.832372341145178418e-04,3.845812709642654529e-04,3.863394405973441200e-04,3.886430233158390452e-04,3.910201470024252677e-04,3.939662838442793951e-04,3.971626355486865983e-04,3.993897167174718780e-04,4.030469942427403326e-04,4.081475864909238404e-04,4.126044364048414180e-04,4.174626010307666145e-04,4.218386863423219065e-04,4.264210033244909262e-04,4.321657577944187207e-04,4.380756348202278615e-04,4.435738377038668349e-04,4.475694819610908119e-04,4.507111689403702263e-04,4.548380907259714926e-04,4.591167426443251319e-04,4.633481125590892561e-04,4.673563780856332113e-04,4.709432875638932506e-04,4.746763607811021980e-04,4.788399952212639616e-04,4.830726123880937656e-04,4.873676717481919543e-04,4.918190491440763970e-04,4.939859605878679913e-04,4.792095547836808809e-04,4.653750544092788628e-04,4.522195939509029072e-04,4.394528672791511172e-04,4.276018571854504425e-04,4.157048707495658514e-04,4.040483724040814812e-04,3.923208012643323206e-04,3.803250954163933076e-04,3.676283787481093705e-04,3.538711341487993422e-04,3.385782564335905313e-04,3.217714999788565946e-04,3.045515301403171351e-04,2.868593699664988826e-04,2.682954702717340895e-04,2.498631260515351117e-04,2.321924357586879924e-04,2.157330364772283994e-04,2.006429492240829155e-04,1.869105324771552074e-04,1.745789567222255526e-04,1.637225106465787486e-04,1.544813732277810245e-04,1.472242912602118024e-04,1.429639407592631268e-04,1.419528769732482918e-04,1.409181970633987158e-04,1.397524644222385810e-04,1.384652708646992646e-04,1.370669536335945686e-04,1.355680752762891900e-04,1.339792152761083265e-04,1.323107858771045068e-04,1.305728819777438726e-04,1.287751634698210666e-04,1.269267674676114864e-04,1.250362471361490292e-04,1.231115334817694965e-04,1.211599164130662646e-04,1.191880415316380441e-04,1.172019193969936956e-04,1.152069443699625006e-04,1.132079205299796099e-04,1.112090925523769752e-04,1.092141798013221345e-04,1.072264122304400973e-04,1.052485669797921422e-04,1.032830048134904607e-04,1.013317057577918712e-04,9.939630347870899538e-05,9.747811808724358745e-05,9.557818719283500263e-05,9.369729517979531427e-05,9.183600097647811428e-05,8.999466538607381425e-05,8.817348137699723449e-05,8.637251718137597815e-05,8.459179826180654048e-05,8.283149001295316732e-05,8.109230956650833461e-05,7.937639025516519964e-05,7.768890233394071297e-05,7.604069917207976700e-05,7.445204601248711271e-05,7.295737459173840553e-05,7.161223035854725149e-05,7.051073139542317629e-05,6.986644737012726969e-05,8.483229939454180821e-21
3.595789290465876455e-04,3.595789290465876455e-04,3.843589584552086001e-04,3.857875598545910836e-04,3.876060541931755838e-04,3.899648509923471420e-04,3.923889730007252630e-04,3.953760838501631041e-04,3.986039467792727438e-04,4.008851331492147658e-04,4.045934147267976296e-04,4.097260617553091051e-04,4.142120061590652937e-04,4.190929890774464962e-04,4.234858887321238928e-04,4.281157075140165202e-04,4.338827212487739388e-04,4.398091546160200638e-04,4.453206976809980151e-04,4.492573880365782367e-04,4.523572186239915968e-04,4.564376779947332935e-04,4.606625713965906621e-04,4.648383358307192690e-04,4.687906213884965550e-04,4.723210742740004088e-04,4.760206386362460587e-04,4.801358504704665358e-04,4.843221456173938235e-04,4.885739625655788516e-04,4.929859119170066804e-04,4.948973006573677107e-04,4.800590195477767740e-04,4.661642437738895608e-04,4.529476098666334704e-04,4.401144099065022633e-04,4.281979381460691370e-04,4.162566062443210681e-04,4.045161968059948418e-04,3.927102261120795257e-04,3.806560813648816248e-04,3.678823727329578195e-04,3.540594991105410296e-04,3.387175224879169079e-04,3.219088354193691895e-04,3.047954564589416197e-04,2.873560112701110968e-04,2.689530144936647300e-04,2.506254782196943470e-04,2.329941589367327923e-04,2.164874508336905184e-04,2.013526921690264604e-04,1.875597374426559696e-04,1.751441084448088941e-04,1.641779305773147203e-04,1.547893427376458388e-04,1.473003553486897934e-04,1.425832552500511032e-04,1.413956552960194573e-04,1.403970133231153747e-04,1.392661409503707915e-04,1.380126613630851392e-04,1.366467162755013738e-04,1.351787247779971798e-04,1.336191688488687747e-04,1.319784033498527472e-04,1.302664999129984240e-04,1.284931233765675661e-04,1.266674384651631695e-04,1.247980435807256373e-04,1.228929281518027989e-04,1.209594498772134495e-04,1.190043283111776837e-04,1.170336514950866681e-04,1.150528926853048223e-04,1.130669346098751328e-04,1.110800990759793275e-04,1.090961801220597917e-04,1.071184792494139846e-04,1.051498415709845637e-04,1.031926919770881216e-04,1.012490706399729216e-04,9.932066736439356953e-05,9.740885444597585977e-05,9.551471783657398973e-05,9.363908657411007953e-05,9.178256073287725477e-05,8.994553895225152764e-05,8.812824893338493972e-05,8.633079074801324685e-05,8.455321902757584958e-05,8.279572594822568225e-05,8.105905354976077396e-05,7.934535940902526674e-05,7.765984031936930124e-05,7.601338514451506803e-05,7.442631689414594268e-05,7.293317135407367238e-05,7.158968744279898329e-05,7.049036451141913384e-05,6.984973191314542177e-05,1.515440075732273988e-19
3.567287282665638115e-04,3.567287282665638115e-04,3.858155326733973801e-04,3.873484478366665462e-04,3.892263477791419140e-04,3.916397156707865715e-04,3.941102996337664537e-04,3.971377687170513744e-04,4.003966170955938829e-04,4.027316406578228302e-04,4.064901417457752932e-04,4.116551326547239855e-04,4.161707864897305417e-04,4.210747198460687265e-04,4.254846220113548652e-04,4.301617922029120247e-04,4.359514552511820898e-04,4.418950282594540590e-04,4.474205122040996862e-04,4.512477174459538268e-04,4.543136107071203710e-04,4.583492683852616453e-04,4.625213661499838393e-04,4.666437549819815386e-04,4.705419622610367957e-04,4.740174916241003417e-04,4.776858135664937329e-04,4.817541406027627047e-04,4.858940780724123115e-04,4.901025414320485732e-04,4.944746526903464950e-04,4.959277379319933536e-04,4.810162288092815434e-04,4.670593807733454460e-04,4.537716361363438537e-04,4.408184791408638597e-04,4.288229351941622177e-04,4.168409291218369496e-04,4.049776874628143179e-04,3.930949486376668204e-04,3.809396413233703382e-04,3.680435131215043518e-04,3.540934458773964053e-04,3.386342659133766424e-04,3.217897481833822786e-04,3.048911191184911721e-04,2.876243702070520759e-04,2.693840003581122024e-04,2.511676398654542441e-04,2.335935333365799079e-04,2.170658621063753925e-04,2.019044863393740295e-04,1.880723304938226414e-04,1.755965379745644500e-04,1.645470190038092364e-04,1.550440565800187073e-04,1.473759007170237164e-04,1.423128312369943726e-04,1.409075577984192276e-04,1.399427780452465529e-04,1.388444398821335132e-04,1.376224218612942204e-04,1.362866670141760727e-04,1.348474520459766923e-04,1.333151610095424839e-04,1.317000898799146303e-04,1.300122847017844878e-04,1.282614123430579568e-04,1.264566618037232836e-04,1.246066731102118074e-04,1.227194903330548683e-04,1.208025350975871706e-04,1.188625970274478666e-04,1.169058377911080197e-04,1.149378057493465039e-04,1.129634585768211246e-04,1.109871916176095153e-04,1.090128701085428124e-04,1.070438637494325855e-04,1.050830824079443295e-04,1.031330120152835334e-04,1.011957499372457083e-04,9.927303929656548255e-05,9.736630188247061626e-05,9.547666942560487948e-05,9.360501317904124162e-05,9.175197204831741745e-05,8.991798031920656233e-05,8.810329836868435326e-05,8.630805620880913325e-05,8.453233595999571357e-05,8.277635525094802476e-05,8.104088028456507293e-05,7.932809303614066427e-05,7.764321812457095171e-05,7.599718210171148812e-05,7.441036769105121814e-05,7.291741421106187322e-05,7.157424838928280481e-05,7.047573795931635443e-05,6.983735002913333883e-05,4.082272459314800656e-20
3.518881271202230557e-04,3.518881271202230557e-04,3.878358854334685722e-04,3.895093806957821499e-04,3.914453908648528845e-04,3.939123568641558532e-04,3.964285314275022031e-04,3.994954933542452973e-04,4.027845666722661296e-04,4.051725950236647559e-04,4.089803847594743668e-04,4.141784077024234889e-04,4.187246013593639822e-04,4.236517777132771737e-04,4.280788341632886041e-04,4.328030734025464614e-04,4.386161187537789084e-04,4.445777426472541675e-04,4.501179592801213074e-04,4.537279557461885863e-04,4.567690944112567431e-04,4.607681587843581294e-04,4.648953466763398705e-04,4.689699474553819065e-04,4.728194997988093549e-04,4.762442022386513519e-04,4.798858469971472142e-04,4.839098179635160707e-04,4.880061583511290601e-04,4.921715881951088450e-04,4.965040141883427091e-04,4.971236560700667941e-04,4.821411015272498274e-04,4.681194008400631494e-04,4.546687729122049731e-04,4.416276894110161139e-04,4.295245440642914787e-04,4.174630757141014627e-04,4.054765278452593011e-04,3.934716013043532070e-04,3.811740482247204611e-04,3.681079352569263251e-04,3.539538416994146520e-04,3.382760687025243400e-04,3.213884625870390204e-04,3.046183077994585450e-04,2.875096057907040870e-04,2.694474151967447394e-04,2.513529486704474164e-04,2.338593141988089502e-04,2.173490199726806364e-04,2.021909190649190185e-04,1.883528012173444526e-04,1.758521891574665419e-04,1.647585281143391358e-04,1.551876108276225761e-04,1.474067888380870732e-04,1.421212632900522937e-04,1.405281207961932592e-04,1.395938266399579313e-04,1.385247089808171466e-04,1.373308959484911124e-04,1.360221380042363952e-04,1.346085761672246716e-04,1.331005009018411194e-04,1.315081516889843327e-04,1.298415497421675927e-04,1.281103633609866630e-04,1.263238041204604205e-04,1.244905510895747943e-04,1.226186997083147641e-04,1.207157317287401121e-04,1.187885026548899487e-04,1.168432433196295062e-04,1.148855725475029203e-04,1.129205182195569979e-04,1.109525444405232137e-04,1.089855828842029413e-04,1.070230667424822634e-04,1.050679660175567209e-04,1.031228231714633863e-04,1.011897883816190988e-04,9.927065384819214525e-05,9.736688676445760208e-05,9.547966070826258123e-05,9.360988537956381743e-05,9.175823491547908928e-05,8.992517582546912403e-05,8.811099793535085919e-05,8.631585821265556641e-05,8.453986363262523771e-05,8.278325521992015916e-05,8.104682226239754404e-05,7.933277157985028298e-05,7.764635800304919757e-05,7.599854974170692265e-05,7.440979284623901830e-05,7.291482962845992506e-05,7.156976526334332732e-05,7.046981396393156756e-05,6.983134293883371901e-05,3.090434050948577907e-19
3.445609804215408220e-04,3.445609804215408220e-04,3.907550269965320258e-04,3.926314046764132581e-04,3.946237677616409715e-04,3.971428189895809193e-04,3.997031318377603859e-04,4.028083464219315017e-04,4.061264844187445727e-04,4.085657196302280229e-04,4.124216836435493235e-04,4.176539667297555808e-04,4.222316195002147072e-04,4.271824857211144427e-04,4.316266062364627269e-04,4.363974110381460005e-04,4.422349394979465157e-04,4.482158432832508092e-04,4.537041513928934794e-04,4.570192561578633361e-04,4.600399710318794477e-04,4.640080634640801486e-04,4.680973637061633321e-04,4.721308618679327294e-04,4.759374653824962188e-04,4.793164481961400625e-04,4.829342393647465242e-04,4.869186186955240959e-04,4.909737685293670073e-04,4.950986085917673902e-04,4.993898549558969165e-04,4.985251778986824270e-04,4.835075014482593169e-04,4.693135620951275071e-04,4.557407779018162017e-04,4.425877447954557607e-04,4.303503602133011067e-04,4.181203458704633611e-04,4.060563446805651937e-04,3.938742286817719816e-04,3.813775300842990644e-04,3.680506533371777898e-04,3.535494990008515299e-04,3.374294745817211279e-04,3.204572468985678458e-04,3.037860922346160577e-04,2.868329336847680582e-04,2.689367530949236091e-04,2.509808097364457950e-04,2.335998382978983804e-04,2.171600304550856794e-04,2.020544326291380944e-04,1.882607028451421566e-04,1.757889178927407559e-04,1.647091466892431884e-04,1.551376588178071821e-04,1.473344847760314064e-04,1.419798681796228959e-04,1.403129710483913214e-04,1.394041087480376293e-04,1.383594922987580551e-04,1.371891966078791103e-04,1.359028022678481027e-04,1.345103291764786213e-04,1.330219852778640832e-04,1.314479614490176532e-04,1.297982591482813453e-04,1.280825507362846590e-04,1.263100709021560829e-04,1.244895365418567678e-04,1.226290918031472724e-04,1.207362747349887642e-04,1.188180019699752759e-04,1.168805680459458448e-04,1.149296562683840747e-04,1.129703583745455316e-04,1.110072006427136959e-04,1.090441744673046660e-04,1.070847697744171619e-04,1.051320099719576764e-04,1.031884874090973242e-04,1.012563985602657989e-04,9.933757835165628097e-05,9.743353321862940712e-05,9.554547263396124558e-05,9.367433901810008981e-05,9.182083625405605893e-05,8.998545784869030274e-05,8.816851814452754160e-05,8.637019650492145349e-05,8.459062075047507157e-05,8.283005220915855076e-05,8.108930172186992345e-05,7.937060185384233802e-05,7.767924163813503776e-05,7.602623742819495018e-05,7.443210443439508654e-05,7.293168699033538403e-05,7.158125333362041630e-05,7.047632814105213924e-05,6.983411609091456007e-05,8.281294367088959636e-20
3.345467698695638427e-04,3.345467698695638427e-04,3.950342474770402162e-04,3.972074681473450612e-04,3.992538446358920648e-04,4.018226059963575080e-04,4.044246444817058660e-04,4.075662784927162408e-04,4.109116322535003377e-04,4.133987375496387556e-04,4.173014632432637573e-04,4.225698111427669129e-04,4.271795974864452182e-04,4.321546103369760237e-04,4.366150593806114371e-04,4.414314907810688838e-04,4.472948297220306554e-04,4.532963646784773080e-04,4.582981770369567586e-04,4.615678714206925709e-04,4.645578566517486060e-04,4.685003079763722187e-04,4.725574120752163115e-04,4.765567391309578774e-04,4.803265435972123233e-04,4.836621359820587754e-04,4.872596716533764485e-04,4.912063952301337763e-04,4.952219835891858010e-04,4.993062067823578719e-04,5.035580345796561745e-04,5.002438608983925464e-04,4.851219830876468036e-04,4.707227754638841025e-04,4.570144969547673209e-04,4.437188697871498658e-04,4.312995019244968706e-04,4.188782883466437320e-04,4.066785669165213211e-04,3.942497922207090634e-04,3.814355561039718006e-04,3.676645970434794567e-04,3.525278149306099130e-04,3.355385211898511766e-04,3.186198952105240572e-04,3.020909817619543691e-04,2.852967939526483503e-04,2.675646898273516825e-04,2.497758759115228239e-04,2.325557304714583713e-04,2.162586058111177036e-04,2.012838987495866520e-04,1.876093004230079892e-04,1.752451328495802205e-04,1.642643966678404587e-04,1.547899937629899870e-04,1.470926128992870480e-04,1.418785330767292831e-04,1.403337165817744136e-04,1.394432439696372439e-04,1.384165593541609822e-04,1.372632157392938512e-04,1.359926655182257151e-04,1.346148323318469410e-04,1.331398614069386724e-04,1.315779099789964155e-04,1.299389703122846645e-04,1.282327254724610914e-04,1.264684364895120653e-04,1.246548583889284625e-04,1.228001818743843984e-04,1.209119971207529853e-04,1.189972760931969829e-04,1.170623699632950102e-04,1.151130184759725360e-04,1.131543684746021160e-04,1.111909991735537750e-04,1.092269521474395743e-04,1.072657643648577416e-04,1.053105029196055575e-04,1.033638003988038143e-04,1.014278900736182603e-04,9.950464030630181019e-05,9.759558774247128587e-05,9.570196901351738688e-05,9.382475084965046863e-05,9.196465882179354978e-05,9.012220576143115678e-05,8.829772329669094487e-05,8.649140651997371226e-05,8.470339826792835328e-05,8.293397573770973266e-05,8.118396925488506415e-05,7.945563872516378751e-05,7.775431358056563585e-05,7.609106812294871586e-05,7.448649525636757811e-05,7.297553919161172710e-05,7.161460680153056786e-05,7.049947681224057346e-05,6.984809220126063671e-05,1.722579329362980609e-20
3.222037046916219143e-04,3.222037046916219143e-04,4.012718007661896045e-04,4.038553318789739571e-04,4.059523322031084519e-04,4.085670799201617225e-04,4.112069131109988198e-04,4.143821512568859541e-04,4.177516893451714455e-04,4.202810271873640645e-04,4.242285008651955824e-04,4.295350508000156560e-04,4.341767403760384567e-04,4.391759391790857206e-04,4.436500398415528230e-04,4.485108523427190283e-04,4.544010908623709061e-04,4.604241870152325864e-04,4.646355454467460643e-04,4.678821526030337561e-04,4.708466954904006472e-04,4.747696845664436732e-04,4.788003728553095442e-04,4.827711672036346215e-04,4.865080553410552227e-04,4.898031415672215137e-04,4.933824132841797740e-04,4.972936507568712387e-04,5.012701452615540365e-04,5.053127406119801122e-04,5.095230092316668704e-04,5.023711073419055923e-04,4.868997053583565770e-04,4.723450901322227488e-04,4.584563617443366233e-04,4.449673587952390676e-04,4.322795897457404552e-04,4.197085333413812865e-04,4.072422961858212457e-04,3.944236354543086674e-04,3.810618383182968094e-04,3.664883042198799649e-04,3.501373954009449354e-04,3.321910789705058258e-04,3.154144446424672404e-04,2.990978717702948001e-04,2.824997519543775287e-04,2.649613726106962849e-04,2.473934512527079920e-04,2.304076622501344425e-04,2.143579628689777541e-04,1.996266841740402869e-04,1.861783625133852282e-04,1.740327667305104249e-04,1.632736909131602548e-04,1.540372166953196903e-04,1.466344148903044639e-04,1.418731199148560280e-04,1.406729270255051853e-04,1.397917998874947314e-04,1.387742635201833592e-04,1.376290789253446193e-04,1.363656226788668828e-04,1.349937592713089927e-04,1.335236010464920658e-04,1.319652945092129707e-04,1.303288392628011044e-04,1.286239398761998901e-04,1.268598894739743734e-04,1.250454826194056276e-04,1.231889543132920863e-04,1.212979415677015746e-04,1.193794639441198127e-04,1.174399195846569284e-04,1.154850935396836313e-04,1.135201755467350911e-04,1.115497847992022538e-04,1.095779996276303168e-04,1.076083903804047232e-04,1.056440541217974776e-04,1.036876500577204468e-04,1.017414348511713480e-04,9.980729720234681390e-05,9.788679124791490346e-05,9.598116849391240030e-05,9.409140817705418595e-05,9.221824627465730084e-05,9.036220423188394077e-05,8.852362090595050788e-05,8.670269789606630656e-05,8.489958506281715096e-05,8.311456951020291704e-05,8.134849848946489699e-05,7.960366188992820495e-05,7.788543860003311389e-05,7.620497471962061340e-05,7.458295231261054942e-05,7.305441102715744142e-05,7.167585950626154047e-05,7.054324716012013460e-05,6.987510735451970103e-05,2.916606733074820306e-21
3.086298586821623101e-04,3.086298586821623101e-04,4.101925275407315632e-04,4.132717566238971020e-04,4.154134409870125335e-04,4.180683818856354827e-04,4.207397792634228850e-04,4.239441585935623197e-04,4.273328671068371727e-04,4.298955577782908569e-04,4.338845163617328807e-04,4.392309670822760570e-04,4.439023134861282572e-04,4.489244272976025338e-04,4.534079022711761395e-04,4.583092793556912546e-04,4.642262352923819699e-04,4.693009286411526596e-04,4.733403819725689088e-04,4.765276120001050802e-04,4.794712304026180769e-04,4.833798317432480411e-04,4.873918951709908234e-04,4.913393713546203734e-04,4.950467390157112192e-04,4.983015902255980359e-04,5.018632196386024064e-04,5.057396874523549741e-04,5.096765420753606498e-04,5.136753537402439151e-04,5.178393432805886067e-04,5.045869767184574251e-04,4.888252050632158887e-04,4.740512695244693308e-04,4.599168519035976791e-04,4.461398013438303413e-04,4.332740045506882080e-04,4.203876668080747244e-04,4.074628751505711887e-04,3.939622100119549090e-04,3.796024930292577620e-04,3.635046596091223757e-04,3.448915649208536961e-04,3.268017157799314645e-04,3.102908881391913264e-04,2.942829727686612894e-04,2.779671303151151477e-04,2.607028731853759727e-04,2.434520294872097789e-04,2.268127621849662465e-04,2.111675995403790188e-04,1.968281065651006497e-04,1.837498770968431583e-04,1.719770810179228632e-04,1.616089344541723409e-04,1.528146391605288157e-04,1.459990644418809587e-04,1.422103811550106929e-04,1.414121943143212463e-04,1.405296789394647032e-04,1.395101813046765375e-04,1.383620530099871073e-04,1.370946443690945532e-04,1.357178100115664899e-04,1.342416687196654483e-04,1.326763862768007220e-04,1.310319910326860498e-04,1.293182227231465503e-04,1.275444134220856795e-04,1.257193982308989612e-04,1.238514525238613366e-04,1.219482521780932321e-04,1.200168531314744390e-04,1.180636867438278180e-04,1.160945677104227157e-04,1.141147116313520301e-04,1.121287597293442895e-04,1.101408085994561768e-04,1.081544432447176983e-04,1.061727719895965018e-04,1.041984621611963512e-04,1.022337756849457950e-04,1.002806039587152289e-04,9.834050155254606043e-05,9.641471844465056187e-05,9.450423068954576916e-05,9.260976974965716966e-05,9.073185159564070774e-05,8.887080917415886533e-05,8.702683864818341354e-05,8.520008669740050395e-05,8.339084294537445782e-05,8.159996881989761371e-05,7.982978839465546558e-05,7.808574255312053600e-05,7.637906752555248665e-05,7.473054869912217372e-05,7.317531297941174556e-05,7.176991844403132835e-05,7.061036986440679167e-05,6.991558484952021017e-05,4.157074789970161223e-22
2.956463002675306694e-04,2.956463002675306694e-04,4.225925411928590906e-04,4.261351128859876790e-04,4.283099958912822366e-04,4.309962618173824494e-04,4.336896771374051354e-04,4.369160544917971177e-04,4.403157599356515039e-04,4.428986298550844844e-04,4.469234237630144283e-04,4.523094972598857969e-04,4.570046109322471782e-04,4.620455573511808448e-04,4.665300300858819132e-04,4.714652057247946892e-04,4.762752600593525955e-04,4.809569014765954060e-04,4.848851079123526683e-04,4.880182066651501645e-04,4.909488076057844964e-04,4.948504801594401153e-04,4.988495195850781898e-04,5.027773809025264671e-04,5.064562734664433555e-04,5.096686422667239761e-04,5.132108937985690664e-04,5.170502044188647747e-04,5.209409515894892909e-04,5.248844287866927683e-04,5.235400254856368944e-04,5.066579519563928213e-04,4.905724245017586060e-04,4.754584463730136389e-04,4.610983396767765158e-04,4.471224109457576671e-04,4.338915592811829944e-04,4.204243947564288513e-04,4.066562937241081639e-04,3.918834471533552384e-04,3.755851261428715419e-04,3.563986289610787607e-04,3.365218331179126014e-04,3.187097317828579707e-04,3.026784211926608452e-04,2.871285709644324103e-04,2.712396003085277641e-04,2.543953074487826662e-04,2.376135422108855279e-04,2.214815691928493909e-04,2.064694273135068492e-04,1.927017936301217817e-04,1.801800942392487554e-04,1.689848616334845390e-04,1.592417323414535275e-04,1.511989345808616050e-04,1.454451393191240685e-04,1.433657637088552505e-04,1.426133032523832316e-04,1.417169121983580379e-04,1.406823857897950946e-04,1.395182857448355772e-04,1.382339979380373032e-04,1.368394246848206579e-04,1.353447363335391694e-04,1.337601513544619159e-04,1.320957494953076290e-04,1.303613186967787188e-04,1.285662346389583707e-04,1.267193704845063454e-04,1.248290335770355140e-04,1.229029254536137907e-04,1.209481214441577711e-04,1.189710662671616492e-04,1.169775823130316173e-04,1.149728876703824671e-04,1.129616213496092205e-04,1.109478735580648535e-04,1.089352192600764576e-04,1.069267535996379598e-04,1.049251280672842918e-04,1.029325865538526717e-04,1.009510006543877747e-04,9.898190377138083311e-05,9.702652373289589430e-05,9.508581383137386183e-05,9.316048253762636126e-05,9.125102305408642881e-05,8.935774645424576421e-05,8.748082915591030905e-05,8.562040270074472263e-05,8.377675099309761649e-05,8.195074736254909849e-05,8.014475648046213117e-05,7.836429766288515505e-05,7.662071994288649740e-05,7.493492796457739693e-05,7.334212243678352075e-05,7.189884159191899256e-05,7.070099746755276584e-05,6.996762564560937887e-05,7.620930106016159350e-23
2.855728037154558921e-04,2.855728037154558921e-04,4.392032833570381806e-04,4.429506808172255727e-04,4.451386447645396980e-04,4.478431268737797263e-04,4.505445832485634205e-04,4.537818016102294731e-04,4.571797260262554403e-04,4.597643845024439201e-04,4.638153929976462702e-04,4.692365046850250450e-04,4.739438729114281434e-04,4.789941223142322579e-04,4.829174081880027378e-04,4.868006165434514529e-04,4.912764388152515141e-04,4.957461683934385500e-04,4.995997636849166135e-04,5.026923706191892055e-04,5.056106922747482472e-04,5.095085852342980766e-04,5.134965273830698366e-04,5.174049106628768758e-04,5.210525353664640898e-04,5.242152519267146999e-04,5.277311645715807888e-04,5.315248143932368909e-04,5.353176038642269577e-04,5.387724331330853581e-04,5.260356011514763638e-04,5.079749045291509198e-04,4.916027663086304294e-04,4.763366689142496213e-04,4.616978895759191203e-04,4.472887153580710150e-04,4.333233192240588060e-04,4.187464976713517256e-04,4.033266182602615840e-04,3.859964682950304616e-04,3.656601440283517644e-04,3.442934420188234717e-04,3.246934134833447615e-04,3.075398876577133491e-04,2.921959028859084299e-04,2.773015802118540193e-04,2.620380246241495897e-04,2.458219905073478172e-04,2.297151600043871188e-04,2.143951506913204072e-04,2.002204664551502527e-04,1.872332190095508117e-04,1.755038324871409665e-04,1.651532348373424932e-04,1.563747150689382564e-04,1.495710503194403818e-04,1.458346873999014450e-04,1.450742796071564119e-04,1.442936574534216287e-04,1.433691931763838407e-04,1.423055863366013015e-04,1.411115758781400671e-04,1.397966602463896531e-04,1.383708472851780992e-04,1.368444022329583188e-04,1.352276259550441435e-04,1.335306669990135879e-04,1.317633680922400570e-04,1.299351458382074181e-04,1.280549010525342392e-04,1.261309563744528444e-04,1.241710174015707045e-04,1.221821535261531113e-04,1.201707948064834150e-04,1.181427415072291211e-04,1.161031833237281423e-04,1.140567257184970089e-04,1.120074212102607487e-04,1.099588038438270934e-04,1.079139254206773669e-04,1.058753923785957999e-04,1.038454024730539003e-04,1.018257806356561145e-04,9.981801357217170555e-05,9.782328283097646853e-05,9.584249626844961497e-05,9.387631820359343242e-05,9.192519951232021010e-05,8.998941161644697674e-05,8.806909558443339395e-05,8.616435523307087476e-05,8.427546078638031314e-05,8.240329668597586651e-05,8.055027746291473800e-05,7.872202109682480402e-05,7.693001533020636673e-05,7.519529997344732790e-05,7.355312963758918888e-05,7.205993809613185793e-05,7.081137015074372512e-05,7.002626410450508076e-05,1.234105030900347505e-23
2.809392593806446905e-04,2.809392593806446905e-04,4.604452056436032477e-04,4.638453756462282093e-04,4.660188199353965523e-04,4.687234031551914051e-04,4.714137960399278847e-04,4.746455421477362570e-04,4.780231581290845340e-04,4.805858197037968715e-04,4.846479435635284681e-04,4.900926395616958357e-04,4.945458588370433553e-04,4.983174277482514984e-04,5.015384067522686345e-04,5.050095652744356067e-04,5.093019565884086179e-04,5.136718297750480925e-04,5.174781592480037079e-04,5.205363332145314251e-04,5.234406642702355136e-04,5.273323189547930636e-04,5.313045404237205522e-04,5.351874243948467500e-04,5.387939358780646911e-04,5.418933294963286561e-04,5.453609980200832931e-04,5.487900997439082917e-04,5.519620332640771737e-04,5.447782791278671898e-04,5.265043526653648059e-04,5.081717605682670820e-04,4.916338007028395359e-04,4.760421262246747353e-04,4.607836931365571391e-04,4.453978026590539596e-04,4.299291810613299473e-04,4.130795806223302785e-04,3.941616633721346449e-04,3.718680707715234322e-04,3.492796043542330275e-04,3.282970697869156307e-04,3.095604557695100885e-04,2.933466650715656297e-04,2.789151233760444834e-04,2.648911600962993449e-04,2.504748268108550661e-04,2.351253720750398418e-04,2.200196145893467900e-04,2.058074833697376991e-04,1.926653905136482868e-04,1.807039276509587826e-04,1.700593867334147346e-04,1.609207485453304268e-04,1.536167703417035677e-04,1.490339647275213601e-04,1.479530519194754306e-04,1.472212212423762857e-04,1.464003869518979946e-04,1.454341978583652208e-04,1.443281019398748538e-04,1.430910275335859011e-04,1.417326497969302026e-04,1.402631285276541588e-04,1.386928546345221071e-04,1.370322279400832972e-04,1.352914698348264561e-04,1.334804711739208188e-04,1.316086739458157307e-04,1.296849839442545515e-04,1.277177108991192319e-04,1.257145321683126411e-04,1.236824760584722240e-04,1.216279210305753810e-04,1.195566073752697266e-04,1.174736583472261320e-04,1.153836081794354861e-04,1.132904348237693111e-04,1.111975956615823005e-04,1.091080647855093542e-04,1.070243707655061847e-04,1.049486340778532916e-04,1.028826035985545969e-04,1.008276917494338595e-04,9.878500805428308106e-05,9.675539106404862063e-05,9.473943899757429718e-05,9.273754046600742788e-05,9.074990951153613400e-05,8.877663678536493533e-05,8.681778691162290507e-05,8.487361029359740891e-05,8.294500425738910495e-05,8.103444549049625546e-05,7.914767350535922353e-05,7.729634138842603251e-05,7.550163729380779442e-05,7.379884322345010351e-05,7.224419470738675081e-05,7.093288424043918850e-05,7.008321676177983045e-05,1.559874955049393485e-19
2.843411659431439040e-04,2.843411659431439040e-04,4.860801900686881729e-04,4.883421579333455543e-04,4.904756506920755071e-04,4.931578881226470748e-04,4.958137600827283156e-04,4.990187247036871956e-04,5.023521193687281901e-04,5.048652672495642334e-04,5.085508668661967461e-04,5.126742367991296394e-04,5.162444184497856853e-04,5.196287076960412607e-04,5.224248665749879400e-04,5.257212092824284540e-04,5.299206086153533408e-04,5.342432492406664095e-04,5.380018646870637867e-04,5.410233798603751023e-04,5.439054631222333975e-04,5.477819414659633544e-04,5.517267949466838880e-04,5.555688440715175324e-04,5.591043606325417793e-04,5.618454700961356824e-04,5.646544683365017870e-04,5.673515033836544312e-04,5.625652435046714014e-04,5.446038525213040427e-04,5.252927385544735577e-04,5.067525694089965865e-04,4.897263444858013281e-04,4.732387290134047221e-04,4.565736853188402992e-04,4.390743995557023441e-04,4.203862894113962931e-04,3.985845031555476669e-04,3.744252169132477335e-04,3.511914024011117191e-04,3.293024887772156000e-04,3.094562164648629612e-04,2.919378166684152192e-04,2.769001286628669360e-04,2.635644526327993371e-04,2.505879990052899825e-04,2.372082685642460471e-04,2.230613577159073081e-04,2.092789864535641762e-04,1.963293492287870531e-04,1.844365373730319578e-04,1.737979972352958361e-04,1.646011737983301164e-04,1.571965370297690335e-04,1.524382028217014570e-04,1.512003942785671408e-04,1.504483655508254971e-04,1.496688562085621841e-04,1.487964584017655782e-04,1.477776464712964759e-04,1.466185200071348435e-04,1.453282551554401945e-04,1.439167419274845730e-04,1.423943142687141938e-04,1.407714964897872553e-04,1.390587824835695934e-04,1.372664509513548542e-04,1.354044166745818211e-04,1.334821160380593767e-04,1.315084237612890140e-04,1.294915970744016907e-04,1.274392432782942626e-04,1.253583066458914064e-04,1.232550708540946572e-04,1.211351735006682847e-04,1.190036296922187631e-04,1.168648621408976382e-04,1.147227356460328904e-04,1.125805942424060380e-04,1.104412996581962552e-04,1.083072700384455213e-04,1.061805181546367270e-04,1.040626885414344200e-04,1.019550931862875257e-04,9.985874556625320378e-05,9.777439303463435498e-05,9.570254797455188299e-05,9.364351923714458418e-05,9.159744843836188091e-05,8.956436367997453439e-05,8.754428211192996818e-05,8.553743150931786537e-05,8.354472696981961343e-05,8.156872171184870602e-05,7.961529944094616245e-05,7.769630171133046236e-05,7.583307205726329053e-05,7.406088830596590004e-05,7.243569625384719971e-05,7.105206594397782763e-05,7.012745717887242461e-05,4.242083720460569109e-20
2.996536643966669542e-04,2.996536643966669542e-04,5.135216808998177215e-04,5.151921157460804005e-04,5.172698481534630409e-04,5.199049780452003446e-04,5.225072602913605853e-04,5.256377048670363974e-04,5.281684519007944292e-04,5.293402998484547650e-04,5.321553024142314367e-04,5.358793797759109790e-04,5.389472926783272274e-04,5.421269808748200398e-04,5.447109028549757936e-04,5.479092291712276373e-04,5.520612548812029070e-04,5.563290066027195028e-04,5.600375590329762605e-04,5.630168561184433406e-04,5.658617805292788733e-04,5.696873812132415655e-04,5.735692162200400381e-04,5.770041429040170637e-04,5.797677255814432567e-04,5.817646119967024698e-04,5.838622400480068505e-04,5.796683095979545666e-04,5.616321261400122325e-04,5.415934390599621510e-04,5.217516088672509824e-04,5.024106996990731046e-04,4.840339770095902880e-04,4.654665345860215463e-04,4.456731448686193794e-04,4.234418580381558669e-04,3.986673210896751491e-04,3.742294509989991169e-04,3.503765005522853923e-04,3.283460588094610209e-04,3.078826228651690465e-04,2.895156825874094014e-04,2.734175773045586784e-04,2.596732331629637955e-04,2.475111871350377268e-04,2.356663611708588349e-04,2.236100503616101547e-04,2.108864513393375129e-04,1.985040923433766609e-04,1.869684891442648361e-04,1.765706014968430274e-04,1.675515992834987163e-04,1.603259885745701664e-04,1.558233804233340311e-04,1.546361504750211845e-04,1.538279071402152834e-04,1.530305063179371653e-04,1.521960891828131300e-04,1.512659088323468459e-04,1.501887850391397255e-04,1.489714359777417224e-04,1.476233015280477756e-04,1.461544882047071672e-04,1.445754939510069184e-04,1.428969563424696478e-04,1.411294351247852530e-04,1.392832318683045057e-04,1.373682463374141071e-04,1.353938674036743960e-04,1.333688951562682844e-04,1.313014902197912287e-04,1.291991460637648235e-04,1.270686801672897700e-04,1.249162401852112734e-04,1.227473216652992505e-04,1.205667943256058983e-04,1.183789343712097147e-04,1.161874607791195624e-04,1.139955738909944683e-04,1.118059950157505975e-04,1.096210060552935681e-04,1.074424884278126456e-04,1.052719607792799625e-04,1.031106151544883634e-04,1.009593514664395365e-04,9.881881031866375986e-05,9.668940468172246738e-05,9.457135211842339437e-05,9.246471253134057149e-05,9.036944484118632215e-05,8.828551552331186396e-05,8.621313116749325834e-05,8.415323209863189108e-05,8.210846197635717359e-05,8.008486649590156124e-05,7.809448961209826173e-05,7.615882737242592692e-05,7.431311946090251946e-05,7.261294626263566023e-05,7.115212683257395639e-05,7.014701321555894139e-05,1.688201033857382918e-19
3.297337896414682837e-04,3.297337896414682837e-04,5.408256363696043508e-04,5.423644922453083571e-04,5.443684131400106357e-04,5.468660408637153166e-04,5.484053003658793772e-04,5.502139729734081396e-04,5.519515934317825159e-04,5.526212864581169859e-04,5.549402382419481652e-04,5.584547359756367743e-04,5.612805152586703046e-04,5.643243243261665629e-04,5.667694403991673912e-04,5.699069160407556345e-04,5.739945715773298257e-04,5.782011503659866729e-04,5.818438521289308590e-04,5.847521791772172404e-04,5.875033050343756499e-04,5.907938068814179563e-04,5.938925324533943619e-04,5.966595795818602959e-04,5.988034043663167634e-04,6.000811800025873015e-04,5.956945400008396363e-04,5.771735248557068000e-04,5.562615336804284686e-04,5.351457317626693395e-04,5.139688384479189050e-04,4.926077026616475577e-04,4.711522008837770790e-04,4.479996676431405658e-04,4.226300237648431858e-04,3.974036989030791853e-04,3.725263684349668114e-04,3.491475470444233334e-04,3.267389298257598190e-04,3.063233850075067254e-04,2.874839771215885551e-04,2.706674952772220553e-04,2.559900747797467873e-04,2.434956250206759610e-04,2.324892794883188303e-04,2.219508200254675879e-04,2.112087505694393384e-04,1.998612359791725798e-04,1.889271169130094408e-04,1.789069947442264411e-04,1.701827968620477874e-04,1.632480596047322348e-04,1.591369340698995413e-04,1.579935549041941174e-04,1.571072860330569390e-04,1.562617135652601976e-04,1.554138335346312615e-04,1.545253390158792819e-04,1.535386893814955393e-04,1.524051097350384814e-04,1.511318770239885212e-04,1.497286659371147651e-04,1.482057642300987682e-04,1.465737946109996334e-04,1.448434662351169968e-04,1.430253619331108624e-04,1.411297634546644067e-04,1.391665138732481278e-04,1.371449146069317890e-04,1.350736534223490103e-04,1.329607592300428767e-04,1.308135793289825956e-04,1.286387748996149717e-04,1.264423308764418526e-04,1.242295767701035261e-04,1.220052154927886879e-04,1.197733577258371725e-04,1.175375598254655357e-04,1.153008636756957237e-04,1.130658372584085887e-04,1.108346150176787147e-04,1.086089373514665475e-04,1.063901887743226062e-04,1.041794344706534171e-04,1.019774551240300461e-04,9.978478013255114823e-05,9.760171980226490086e-05,9.542839840457970752e-05,9.326479349774183128e-05,9.111079580014462683e-05,8.896632406408660218e-05,8.683156898989425904e-05,8.470750372534093995e-05,8.259687096433432514e-05,8.050588451466366368e-05,7.844678890490667969e-05,7.644121782588636559e-05,7.452434402486375197e-05,7.275134415874008945e-05,7.121523913211348601e-05,7.013116069050656534e-05,4.500532326658685473e-20
3.776311977972395960e-04,3.776311977972395960e-04,5.657547751039289754e-04,5.671195287945125611e-04,5.681735661643499361e-04,5.692786594800151867e-04,5.701552109266794753e-04,5.714141677149041539e-04,5.726762361158398151e-04,5.730978520578250716e-04,5.751754573387187972e-04,5.785375431459217465e-04,5.812123357473415004e-04,5.841475384185803666e-04,5.864817992192717343e-04,5.895487399733985966e-04,5.935652343634045510e-04,5.976758377888722251e-04,6.011977018331080523e-04,6.035002309553793654e-04,6.054833441858961229e-04,6.082121057400235184e-04,6.107337012226668688e-04,6.129026289097067775e-04,6.143745709948501398e-04,6.105768147847082800e-04,5.910821009037769145e-04,5.691420245209794513e-04,5.466623118950953136e-04,5.236823869833737632e-04,4.998384499830103335e-04,4.746511163358100509e-04,4.487072637330021376e-04,4.227267316980493767e-04,3.973107019796063904e-04,3.729882634894758848e-04,3.493989441834001973e-04,3.275288581451078155e-04,3.066794778309120135e-04,2.878061270774090225e-04,2.704462474628891344e-04,2.549920131219403840e-04,2.415330688612331962e-04,2.301522851372984446e-04,2.202877447705392402e-04,2.108464468436903252e-04,2.012374137199397881e-04,1.911385631226006181e-04,1.815471257803160418e-04,1.730551147621840519e-04,1.662494073345613583e-04,1.621798576266402577e-04,1.609584673519692441e-04,1.599815979058968429e-04,1.590703591952750387e-04,1.581881911883546959e-04,1.572995451296408764e-04,1.563671516526286354e-04,1.553345999584154139e-04,1.541554693725059812e-04,1.528375026503259442e-04,1.513905429104272528e-04,1.498249980316862734e-04,1.481515610468069251e-04,1.463809653836353817e-04,1.445237769117575820e-04,1.425902246276817729e-04,1.405900687348356204e-04,1.385325032610870677e-04,1.364260893500895673e-04,1.342787148800354488e-04,1.320975759786821677e-04,1.298891761984480330e-04,1.276593394872903222e-04,1.254132335586188157e-04,1.231554007659738559e-04,1.208897940834849762e-04,1.186198162547582669e-04,1.163483605858307710e-04,1.140778522158063729e-04,1.118102890013037521e-04,1.095472814013008614e-04,1.072900909538791644e-04,1.050396671077914203e-04,1.027966823368321064e-04,1.005615656984829590e-04,9.833453551577126450e-05,9.611563325254550449e-05,9.390476438832485410e-05,9.170176139887818603e-05,8.950650465784770336e-05,8.731917686020850759e-05,8.514078856988143275e-05,8.297417976214167736e-05,8.082572082436995976e-05,7.870783463087654118e-05,7.664226560483009725e-05,7.466410332420844417e-05,7.282813560149971614e-05,7.122664427586343895e-05,7.007362799788033325e-05,9.344345371290514383e-21
4.466407680375720645e-04,4.466407680375720645e-04,5.852845609961254648e-04,5.851827248443190700e-04,5.854449166144486908e-04,5.860492770904064458e-04,5.865371086790585218e-04,5.875336228481288676e-04,5.885337440042838790e-04,5.887922266722260024e-04,5.907157858461648458e-04,5.939533855399071116e-04,5.965107395422782934e-04,5.993486680198933979e-04,6.015764646753041364e-04,6.045663436728337470e-04,6.084673694083503857e-04,6.121384769420358052e-04,6.149146059068399343e-04,6.168068336918040850e-04,6.182559362991256425e-04,6.204622346304149334e-04,6.224211495270788250e-04,6.238702557041049188e-04,6.237967917222849833e-04,6.042903635113904253e-04,5.808486032995572495e-04,5.568112178786912636e-04,5.318886492160682751e-04,5.058166863180618136e-04,4.795958024270441681e-04,4.539443621477675197e-04,4.280224952460479635e-04,4.027174174612515754e-04,3.782863710226770757e-04,3.551264945014842903e-04,3.327648674933942718e-04,3.121401659749049114e-04,2.925123090118331918e-04,2.747911970430809946e-04,2.585129030021415071e-04,2.440342360276476371e-04,2.314702990636815659e-04,2.209831436025540101e-04,2.119068685026961527e-04,2.032469072220505473e-04,1.944611284076510152e-04,1.853175980526219121e-04,1.768344830009401143e-04,1.697191749385992029e-04,1.648698213918162680e-04,1.632064368505000513e-04,1.621378044955846479e-04,1.611574057880128536e-04,1.602332243494847860e-04,1.593335619004797863e-04,1.584238274445631009e-04,1.574675424907575857e-04,1.564092523750583647e-04,1.552046772439481098e-04,1.538618961176536426e-04,1.523908319632540087e-04,1.508019423497313101e-04,1.491059382447318968e-04,1.473135418227210116e-04,1.454352817619327342e-04,1.434813275673008028e-04,1.414613614214628868e-04,1.393844845020414521e-04,1.372591537507424249e-04,1.350931446474450386e-04,1.328935355017157004e-04,1.306667090045297408e-04,1.284183671819358872e-04,1.261535563789657906e-04,1.238766994168507207e-04,1.215916325687523247e-04,1.193016454636788046e-04,1.170095224409479969e-04,1.147175842335264046e-04,1.124277291578088791e-04,1.101414732339067747e-04,1.078599888618481578e-04,1.055841418474956473e-04,1.033145267372626740e-04,1.010515006626045738e-04,9.879521644273952326e-05,9.654565716527065155e-05,9.430267837755453540e-05,9.206607364025067204e-05,8.983570029950428172e-05,8.761174217278251209e-05,8.539524648643359074e-05,8.318913544117997882e-05,8.099990432977165894e-05,7.884011137100238348e-05,7.673157584786226770e-05,7.470930686576948156e-05,7.282777917695032260e-05,7.117870817781809275e-05,6.997525531491931891e-05,1.579463879980860605e-21
5.374743813271689761e-04,5.374743813271689761e-04,5.960424535710938474e-04,5.954798815811342605e-04,5.953582562851492859e-04,5.957363363721676717e-04,5.960162036100751914e-04,5.968443193106705898e-04,5.976737162124686267e-04,5.978221015080833209e-04,5.996171797156773326e-04,6.027521062833496529e-04,6.052075454828124241e-04,6.079597421861435277e-04,6.100921625300291615e-04,6.130000240471678409e-04,6.166220069212969158e-04,6.196415033303404995e-04,6.221917296440483258e-04,6.237420542519739449e-04,6.248856105033125542e-04,6.267091236626603319e-04,6.281954962578110068e-04,6.288340473731032602e-04,6.205392876238124923e-04,5.963830961662262668e-04,5.715236596231380081e-04,5.460379892392107056e-04,5.195629879369249729e-04,4.932710752971277866e-04,4.672725960755947749e-04,4.421854309821748570e-04,4.168909556489153634e-04,3.923028240999488440e-04,3.686011649981050533e-04,3.461682580387783295e-04,3.245256317294528074e-04,3.045819628717212689e-04,2.855994829242779198e-04,2.684590110947065599e-04,2.527162275093877372e-04,2.387081641963762684e-04,2.266040309866881918e-04,2.165323931389626750e-04,2.078112439715539982e-04,1.995119653205500653e-04,1.911214578366408478e-04,1.824732182885700803e-04,1.745903411924620808e-04,1.682383487534284505e-04,1.644963696765667886e-04,1.632998667953171866e-04,1.622578960737730048e-04,1.612965209888297502e-04,1.603867535423617475e-04,1.594976229036362315e-04,1.585952070089098327e-04,1.576436218368134951e-04,1.565880254247854178e-04,1.553859285855899218e-04,1.540455947060046090e-04,1.525769278227519482e-04,1.509903659360534482e-04,1.492965964918923532e-04,1.475063139382768709e-04,1.456300150707906982e-04,1.436778336458543743e-04,1.416594126997279145e-04,1.395838114463303305e-04,1.374594426808397522e-04,1.352940361942114422e-04,1.330946236748868779e-04,1.308675408160883159e-04,1.286184427564715895e-04,1.263523294771924221e-04,1.240735782998578598e-04,1.217859811369129662e-04,1.194927846136489006e-04,1.171967315957381944e-04,1.149001030130536547e-04,1.126047591699611022e-04,1.103121799786066135e-04,1.080235037525126914e-04,1.057395643662381487e-04,1.034609267535254449e-04,1.011879209646629219e-04,9.892067557028479433e-05,9.665915271821495672e-05,9.440319116690765904e-05,9.215257341748020047e-05,8.990715437753208446e-05,8.766712879639261785e-05,8.543357445422382042e-05,8.320946857623881380e-05,8.100138255584831998e-05,7.882195120119007557e-05,7.669302963683601417e-05,7.464957183862309421e-05,7.274587423816677230e-05,7.107336248148475794e-05,6.984485088073521858e-05,1.658218521384436687e-19
6.456868788700928291e-04,6.456868788700928291e-04,5.982866658909504094e-04,5.976070248894979056e-04,5.972888320932212211e-04,5.974934957773718946e-04,5.975860054368113683e-04,5.982599984601036239e-04,5.989418676246119908e-04,5.989977037628110325e-04,6.006827869421741371e-04,6.037111835552665205e-04,6.060760635722460890e-04,6.087565375439121709e-04,6.108227182189859264e-04,6.137020481871423598e-04,6.173007829748640776e-04,6.201269567645009912e-04,6.225165085476085797e-04,6.240137031456574526e-04,6.251252459017241428e-04,6.268896386992946733e-04,6.283089535728351169e-04,6.288137826860806454e-04,6.181839314497735534e-04,5.934437119582494386e-04,5.688075373595757314e-04,5.436808390708938732e-04,5.176738572636377508e-04,4.920563867584700239e-04,4.666393449788419634e-04,4.419258795215098433e-04,4.170428463198540508e-04,3.927843010964670667e-04,3.693037514126180790e-04,3.470028744212079225e-04,3.254474615803484632e-04,3.055286030755750533e-04,2.865377417110554869e-04,2.693443030341245692e-04,2.535370284891763724e-04,2.394431550337445950e-04,2.272058851571297938e-04,2.170111095949687065e-04,2.081618677965224682e-04,1.997481304596083660e-04,1.912418460478279407e-04,1.824870476372704063e-04,1.744656768863703635e-04,1.678640962933766918e-04,1.635588723456860385e-04,1.621830232774931757e-04,1.611971266182886029e-04,1.602870110721267820e-04,1.594246860443495272e-04,1.585796572158592905e-04,1.577184606886025242e-04,1.568055456897809194e-04,1.557862367963397680e-04,1.546194143262782201e-04,1.533133581810968435e-04,1.518778447646072208e-04,1.503232208451603868e-04,1.486601130365653540e-04,1.468991812881893257e-04,1.450509100539094302e-04,1.431254388587586013e-04,1.411324308696227531e-04,1.390809764434759103e-04,1.369795276265568839e-04,1.348358591161474503e-04,1.326570511402774247e-04,1.304494899359771886e-04,1.282188819073077181e-04,1.259702780369545861e-04,1.237081056477204596e-04,1.214362051210236761e-04,1.191578696520141227e-04,1.168758865411645306e-04,1.145925788843509940e-04,1.123098468279473629e-04,1.100292078063256138e-04,1.077518353838193899e-04,1.054785964951092424e-04,1.032100870477052081e-04,1.009466661016459465e-04,9.868848941238847873e-05,9.643554464934479733e-05,9.418769463165435922e-05,9.194474473676472889e-05,8.970657195099762888e-05,8.747339277629355295e-05,8.524630673520025830e-05,8.302831229735958168e-05,8.082599934189890528e-05,7.865201404416683568e-05,7.652821163722988644e-05,7.448953755672677718e-05,7.259029034634637944e-05,7.092195995945973618e-05,6.969765252546261192e-05,4.481702219225992747e-20
7.558938881457301319e-04,7.558938881457301319e-04,5.906718436155712496e-04,5.901483102167349786e-04,5.899703199065991404e-04,5.903104995734583709e-04,5.905272699254506766e-04,5.912488591553008866e-04,5.919801287546775813e-04,5.920872156294053204e-04,5.937521264009692438e-04,5.966827423259929561e-04,5.988961364332670480e-04,6.015133187408880930e-04,6.035362173420558141e-04,6.064225699012188971e-04,6.100451947227831769e-04,6.130104121704453308e-04,6.154806012611219006e-04,6.172047675432263455e-04,6.185806172664517957e-04,6.204843038135041166e-04,6.222288044969056771e-04,6.232514669880834159e-04,6.183468765201076672e-04,5.949245691444025440e-04,5.712916437938951771e-04,5.474387508881423808e-04,5.230182058301520616e-04,4.992652404570007037e-04,4.757551686051109531e-04,4.518240054309324806e-04,4.275514252612748435e-04,4.035093449207191314e-04,3.799527866273411970e-04,3.573470798403126304e-04,3.353744248776453730e-04,3.149151020223070821e-04,2.953336300071010665e-04,2.775010504367598422e-04,2.610615731249568217e-04,2.463482860467618727e-04,2.334859055087081816e-04,2.225578411528117005e-04,2.130783568506109998e-04,2.040515404060170429e-04,1.949447918464680977e-04,1.855309374967839737e-04,1.767292156052859930e-04,1.690885853607512084e-04,1.631627132948986858e-04,1.598823877221592542e-04,1.589707879424907182e-04,1.581442654739956060e-04,1.573626324105664622e-04,1.565955499258675531e-04,1.558098039424895642e-04,1.549699073467717997e-04,1.540209027141485414e-04,1.529226276912617848e-04,1.516831940864791519e-04,1.503121236478610677e-04,1.488195839291874868e-04,1.472160893198038128e-04,1.455122467740112854e-04,1.437185385574499740e-04,1.418451443056988276e-04,1.399018014365398276e-04,1.378977011844599392e-04,1.358414164059770443e-04,1.337408567459791504e-04,1.316032466269810651e-04,1.294351216982589023e-04,1.272423397511269843e-04,1.250301025821339636e-04,1.228029858023494271e-04,1.205649741029007514e-04,1.183194999653543715e-04,1.160694842343366998e-04,1.138173773418125253e-04,1.115652002868606981e-04,1.093145847351245685e-04,1.070668118153712687e-04,1.048228493696072610e-04,1.025833875877225134e-04,1.003488732092345972e-04,9.811954303480599222e-05,9.589545898227574560e-05,9.367655087043076211e-05,9.146268277835697795e-05,8.925377994475901277e-05,8.705009284434703969e-05,8.485273512373444824e-05,8.266469397246748385e-05,8.049252215718752498e-05,7.834881607831966971e-05,7.625540335072348869e-05,7.424728154384978014e-05,7.237895443469610259e-05,7.074236725073293854e-05,6.955163430629573279e-05,9.330797228697005549e-21
8.439035847808082098e-04,8.439035847808082098e-04,5.739926835330206060e-04,5.736688949715720550e-04,5.736825261310666115e-04,5.741927277369547437e-04,5.745756453254455536e-04,5.754616328981425159e-04,5.764032699919865218e-04,5.767720106676214355e-04,5.787280454512852383e-04,5.818626397802879316e-04,5.842430277009294645e-04,5.869607362994579049e-04,5.890594897329106501e-04,5.920216452848660977e-04,5.956683792578602952e-04,5.987100663258316732e-04,6.012443064980758532e-04,6.030928784518522264e-04,6.047567436081499040e-04,6.070120357933969819e-04,6.092540044043106206e-04,6.110409472088347820e-04,6.108670234273509518e-04,5.965087723861847843e-04,5.733821678117257716e-04,5.502854266051931953e-04,5.269916189761178482e-04,5.047994753083914982e-04,4.833328769923452266e-04,4.620782284639027336e-04,4.415827653679300457e-04,4.205289310557961909e-04,3.980835702722143013e-04,3.754461820650269372e-04,3.530120614282820446e-04,3.317731565277214989e-04,3.112784019141493245e-04,2.924068029817883125e-04,2.749084578113992279e-04,2.591442338044815780e-04,2.452697732253903448e-04,2.333076362877138502e-04,2.226551929816180872e-04,2.125345265075839047e-04,2.023728593845876961e-04,1.918937432929104846e-04,1.819450032194216711e-04,1.729379238173236522e-04,1.652221965150128108e-04,1.592378398357338686e-04,1.558032950533997480e-04,1.550197585495848810e-04,1.543458512669670056e-04,1.536846609263536998e-04,1.530028828903565912e-04,1.522648808664967869e-04,1.514150632415754282e-04,1.504138924523571168e-04,1.492691147864594412e-04,1.479898483985671743e-04,1.465859671055045319e-04,1.450677920531071822e-04,1.434458273359948176e-04,1.417305311815913473e-04,1.399321259069851971e-04,1.380604464093024167e-04,1.361248249756720312e-04,1.341340088965903873e-04,1.320961066557448137e-04,1.300185582218611518e-04,1.279081250566106384e-04,1.257708957634593491e-04,1.236123037426535554e-04,1.214371537166478323e-04,1.192496544975833912e-04,1.170534558512011797e-04,1.148516877498029784e-04,1.126470006914407951e-04,1.104416060905005233e-04,1.082373160187302007e-04,1.060355818014918411e-04,1.038375311635974558e-04,1.016440038004589349e-04,9.945558549996294127e-05,9.727264147854838025e-05,9.509535101900434655e-05,9.292374928864186577e-05,9.075779159096618223e-05,8.859747604357331389e-05,8.644310023797484755e-05,8.429578858401769821e-05,8.215849264575014407e-05,8.003768410759800982e-05,7.794586123181715799e-05,7.590480618886419849e-05,7.394963221724451844e-05,7.213524559808682992e-05,7.055442624674323972e-05,6.942300266444448688e-05,1.642655823948654234e-19
8.872178308889860183e-04,8.872178308889860183e-04,5.507496344651965350e-04,5.506190043857207578e-04,5.508145427970466239e-04,5.514806665900059838e-04,5.520133121235577551e-04,5.530557333361548183e-04,5.541828099945696412e-04,5.547730647292631236e-04,5.569511400213055050e-04,5.602825670764085631e-04,5.629274730595324773e-04,5.659334068916978700e-04,5.684153314879136819e-04,5.717332057529157319e-04,5.755445040499439181e-04,5.787955294657097776e-04,5.815520556370723602e-04,5.836101967866413756e-04,5.854993140114766103e-04,5.879265001822644304e-04,5.903889158048137784e-04,5.925080469658171398e-04,5.935446773910682539e-04,5.918335986126021381e-04,5.751785190590275043e-04,5.520997643962375105e-04,5.291057384048616528e-04,5.075092334533384299e-04,4.870553261053531886e-04,4.673631489491045059e-04,4.490939954256306134e-04,4.310936802697773180e-04,4.129815210580408801e-04,3.945332925295630985e-04,3.748181647471065972e-04,3.536308081473191526e-04,3.324946359599222209e-04,3.125873952253566948e-04,2.939083299197787851e-04,2.768843423256634492e-04,2.617506707547895945e-04,2.485506107962250099e-04,2.366333143219329928e-04,2.251076289368557457e-04,2.134397016615244291e-04,2.015858895958895763e-04,1.902422991115073443e-04,1.797663488132517334e-04,1.703771385792260417e-04,1.622909829153949292e-04,1.558595740549807967e-04,1.516789707663608318e-04,1.506340870252912919e-04,1.500963391017122667e-04,1.495363487860866547e-04,1.489187428929129571e-04,1.481871048112835495e-04,1.473023140970695954e-04,1.462715607973317047e-04,1.451034022198766777e-04,1.438072844623868062e-04,1.423932261369773521e-04,1.408715437352555376e-04,1.392526100964726376e-04,1.375466503836183000e-04,1.357635763129403576e-04,1.339128571682706359e-04,1.320034246016030125e-04,1.300436073114598443e-04,1.280410912812521046e-04,1.260029012250734411e-04,1.239353991116736808e-04,1.218442960206910132e-04,1.197346740515726983e-04,1.176110154983970766e-04,1.154772369851073929e-04,1.133367267009029584e-04,1.111923832722804922e-04,1.090466551510203342e-04,1.069015796868178061e-04,1.047588212940475433e-04,1.026197083247577899e-04,1.004852684498487060e-04,9.835626259819213815e-05,9.623321801322597363e-05,9.411646232299210975e-05,9.200616410412488773e-05,8.990239440663623722e-05,8.780524392579611018e-05,8.571506987786525538e-05,8.363300919694950728e-05,8.156196526864386534e-05,7.950830199090431409e-05,7.748438890517339735e-05,7.551195437109796730e-05,7.362628201676568317e-05,7.188284430425978034e-05,7.037557554394852186e-05,6.932262483641151829e-05,2.047422049224121927e-19
8.760714128341556091e-04,8.760714128341556091e-04,5.247743839567704446e-04,5.242232258128504997e-04,5.245913929127883841e-04,5.254035831522670596e-04,5.260752933087667945e-04,5.272500037878263303e-04,5.285252714617228505e-04,5.292992419253896626e-04,5.316243835058226570e-04,5.350789247948041331e-04,5.378937729010263916e-04,5.410914523610415834e-04,5.438164758001853014e-04,5.474161064405807468e-04,5.515206398668958017e-04,5.551362269179269593e-04,5.582613483355670968e-04,5.604667664254228254e-04,5.626135105307799797e-04,5.652982131512884973e-04,5.680459693300737682e-04,5.704866858223231257e-04,5.719958698729539969e-04,5.725716900484309566e-04,5.706781777102466107e-04,5.524171612636903693e-04,5.299687434327199180e-04,5.090718972951218226e-04,4.889851653385509506e-04,4.696103386970353413e-04,4.521914804787864855e-04,4.355498267290414268e-04,4.194256841745850044e-04,4.037206599779017465e-04,3.879474468498708304e-04,3.716326708814470165e-04,3.544521733870757479e-04,3.350831990620529370e-04,3.157509871892869176e-04,2.976565696239809973e-04,2.812914173020182184e-04,2.667955037400880094e-04,2.535658489784052387e-04,2.406994297072265687e-04,2.276152135561709518e-04,2.141543783203360603e-04,2.012263340283163872e-04,1.892236417498182992e-04,1.782222128499016196e-04,1.683870160262275852e-04,1.598743467895430263e-04,1.529249729901909145e-04,1.479797174559119419e-04,1.461465469420727883e-04,1.457164876791563340e-04,1.452251167463753365e-04,1.446184681277942361e-04,1.438576908451153825e-04,1.429492557673892180e-04,1.419010232822991255e-04,1.407218835139346035e-04,1.394214359099660880e-04,1.380097064739173708e-04,1.364968945956152263e-04,1.348931552451111432e-04,1.332084184562432104e-04,1.314522455694838569e-04,1.296337199269018494e-04,1.277613685754875933e-04,1.258431109330038526e-04,1.238862301825665018e-04,1.218973632713713195e-04,1.198825056930690863e-04,1.178470276493201284e-04,1.157956986515310357e-04,1.137327180942214840e-04,1.116617497778825895e-04,1.095859587645264994e-04,1.075080493050950423e-04,1.054303028824405081e-04,1.033546156698894326e-04,1.012825349219969261e-04,9.921529401380915325e-05,9.715384609152096526e-05,9.509889677871131129e-05,9.305093762551989447e-05,9.101028534788331342e-05,8.897714045570667501e-05,8.695169847833971637e-05,8.493438606406924639e-05,8.292635823038976785e-05,8.093046918276871270e-05,7.895296645885348350e-05,7.700607904377766840e-05,7.511148091658592543e-05,7.330466327179718756e-05,7.164177383391121619e-05,7.021812180128182658e-05,6.925460060763391045e-05,5.239176459886377307e-20
8.180964101961124644e-04,8.180964101961124644e-04,4.996200964117205028e-04,4.975862840996690857e-04,4.981058115519452090e-04,4.990528474112117772e-04,4.998571483452183065e-04,5.011463550635754946e-04,5.025416015442127826e-04,5.034842527374789548e-04,5.059190231292083660e-04,5.094431916989515747e-04,5.123631870938816744e-04,5.156649548886797253e-04,5.185403555310327340e-04,5.223071925816554417e-04,5.265658366255045490e-04,5.303648891784567415e-04,5.336954111515733370e-04,5.361777098567912809e-04,5.387123267803564652e-04,5.417239310354798627e-04,5.446036755547362324e-04,5.472400492363257898e-04,5.489978417895030821e-04,5.500798506443657946e-04,5.509210757043305059e-04,5.480051516229111214e-04,5.292094671061378349e-04,5.085188454422977797e-04,4.888236316947563911e-04,4.700609877415370084e-04,4.533245607235576041e-04,4.374607264075993577e-04,4.217527521055554709e-04,4.071506382926770172e-04,3.930098713398722074e-04,3.789922854045250250e-04,3.650544704260296380e-04,3.504466099944088513e-04,3.352574684424626007e-04,3.183862393452253177e-04,3.013879325743226353e-04,2.858281768525724239e-04,2.714185921063919614e-04,2.573708533903180311e-04,2.431084709226549203e-04,2.284200048493738441e-04,2.140761424180581695e-04,2.004570048841570660e-04,1.879443984711348875e-04,1.765400789387572918e-04,1.663273192614667323e-04,1.574649662132231545e-04,1.501116784448365245e-04,1.446252297003090446e-04,1.418692570080711359e-04,1.414896760892584034e-04,1.410033209377856839e-04,1.403631048920264180e-04,1.395745028994011883e-04,1.386445965715357926e-04,1.375816275558116881e-04,1.363946813876691026e-04,1.350934001651446482e-04,1.336877205380791083e-04,1.321876440997420479e-04,1.306030433746257460e-04,1.289435039264414707e-04,1.272182010975663748e-04,1.254358085241787546e-04,1.236044347638412251e-04,1.217315840139842579e-04,1.198241368761046989e-04,1.178883473275614129e-04,1.159298524128610209e-04,1.139536915911625373e-04,1.119643331259582156e-04,1.099657053424831459e-04,1.079612309866215860e-04,1.059538632840861236e-04,1.039461226159585757e-04,1.019401329968308096e-04,9.993765777193132599e-05,9.794013415928397043e-05,9.594870650976045502e-05,9.396425861375733190e-05,9.198744653917805556e-05,9.001873662825466847e-05,8.805846140005430195e-05,8.610692507764689592e-05,8.416462912717155803e-05,8.223275345478794874e-05,8.031411047667471443e-05,7.841483777655252967e-05,7.654702825993677363e-05,7.473230695843283578e-05,7.300638925307685915e-05,7.142614444649875171e-05,7.008835886772133035e-05,6.921686988649986450e-05,1.052746355926202920e-20
7.353965844351671765e-04,7.353965844351671765e-04,4.755151036520379381e-04,4.730916485938395800e-04,4.737464485107817781e-04,4.748127830977843383e-04,4.757348300221119234e-04,4.771236602604925258e-04,4.786215028152620665e-04,4.797116975377695310e-04,4.822356520098145406e-04,4.858045710617106680e-04,4.887924803122674355e-04,4.921560891070989735e-04,4.951323269234472052e-04,4.990111449417326036e-04,5.033419285375538435e-04,5.072110011775343404e-04,5.106305636655711225e-04,5.132738513121013965e-04,5.160238748166244170e-04,5.192398406339081935e-04,5.223903616208352366e-04,5.253788900541846076e-04,5.273258180895231371e-04,5.285929878819294004e-04,5.299371383002747342e-04,5.300645992794991929e-04,5.258656012283322370e-04,5.071075751391945384e-04,4.875348484725140611e-04,4.689543007119814622e-04,4.523788042683498604e-04,4.366546162426021647e-04,4.214505783927560245e-04,4.073277970323965422e-04,3.938701683459481248e-04,3.809249803625988683e-04,3.685554022297995004e-04,3.557163009832654994e-04,3.431572921182733855e-04,3.300022464235424628e-04,3.165773038060795382e-04,3.024297246708268732e-04,2.876835739087232283e-04,2.729193377446211097e-04,2.579036262115638051e-04,2.424568051513840115e-04,2.271760046361567689e-04,2.124220993448151502e-04,1.984816129196169420e-04,1.856487355404980112e-04,1.740293175342366944e-04,1.636324072198350632e-04,1.545700600137562587e-04,1.470283358734394421e-04,1.412931094599366563e-04,1.380852113158704587e-04,1.375955506459226982e-04,1.370640733087829274e-04,1.363846207884704886e-04,1.355632981400427674e-04,1.346076652619023904e-04,1.335262425759501802e-04,1.323282277348332946e-04,1.310232282090885577e-04,1.296210228575400095e-04,1.281313568182740890e-04,1.265637713192574074e-04,1.249274677916078775e-04,1.232312040898487398e-04,1.214832196172246361e-04,1.196911856236001798e-04,1.178621767802471291e-04,1.160026602360809272e-04,1.141184986336088030e-04,1.122149639368121319e-04,1.102967593422621940e-04,1.083680469696697476e-04,1.064324794328090591e-04,1.044932337609416108e-04,1.025530464668830677e-04,1.006142488392765049e-04,9.867880177834223844e-05,9.674832971331618183e-05,9.482415338789988745e-05,9.290732173525673274e-05,9.099864414508884291e-05,8.909872737612602558e-05,8.720802909199309256e-05,8.532695836221886412e-05,8.345609168385894564e-05,8.159663932646677657e-05,7.975138323924726503e-05,7.792636686238449124e-05,7.613356301525264877e-05,7.439455772182193821e-05,7.274529011682931868e-05,7.124334268474071387e-05,6.998697424879093889e-05,6.920298868224748681e-05,1.757996412098985480e-21
6.486426147827973167e-04,6.486426147827973167e-04,4.540776225012307888e-04,4.521903100844677521e-04,4.529713320080248429e-04,4.541397538565238056e-04,4.551625734599394776e-04,4.566365451902124842e-04,4.582213088974932259e-04,4.594370695093674315e-04,4.620351214837850715e-04,4.656345220451396281e-04,4.686715678462634858e-04,4.720762602323628782e-04,4.751243546876019884e-04,4.790771580200730000e-04,4.834585799052562799e-04,4.873596523420711834e-04,4.908211337248439242e-04,4.935380853394356762e-04,4.963917228493906937e-04,4.996961857012490772e-04,5.029885183338311545e-04,5.061477144777641471e-04,5.083493244574546722e-04,5.099852153835283041e-04,5.115668702693164371e-04,5.121569740205014548e-04,5.118186032298776547e-04,5.054863332041875266e-04,4.863048846863193310e-04,4.677250828539738429e-04,4.511451255109562471e-04,4.353868900736291214e-04,4.202921323458760189e-04,4.062011716064190393e-04,3.928000189719972656e-04,3.799196999505210386e-04,3.677088849069912809e-04,3.555386348758089580e-04,3.439165023997878875e-04,3.316024976024973614e-04,3.190802641088397932e-04,3.061874372011954681e-04,2.931825327274983580e-04,2.804688261431793374e-04,2.677496616875761105e-04,2.542679290578240777e-04,2.389528835964451284e-04,2.235719573394162282e-04,2.087406240863054312e-04,1.947486210456240117e-04,1.818783350367143099e-04,1.702778073210874056e-04,1.599124273269545392e-04,1.508993913033277866e-04,1.434172310182362106e-04,1.377562799853488979e-04,1.346518242111672072e-04,1.341347907004139983e-04,1.335490333974027953e-04,1.328217931789173840e-04,1.319597789773154471e-04,1.309709464603321736e-04,1.298640291324130774e-04,1.286482730736810505e-04,1.273331926893160907e-04,1.259283572563235415e-04,1.244432108012939156e-04,1.228869255474644641e-04,1.212682874095464576e-04,1.195956108302508237e-04,1.178766795605847598e-04,1.161187096870700989e-04,1.143283312019115390e-04,1.125115846056572259e-04,1.106739293498308857e-04,1.088202613100895655e-04,1.069549368849119557e-04,1.050818017108887895e-04,1.032042223543005500e-04,1.013251196695790521e-04,9.944700280472900875e-05,9.757200308464009434e-05,9.570190723014456260e-05,9.383818962071416878e-05,9.198204372828076326e-05,9.013441387047108522e-05,8.829603122347323891e-05,8.646746542419192754e-05,8.464922091771033585e-05,8.284194496511035398e-05,8.104688118881429577e-05,7.926679303783869539e-05,7.750765002153327818e-05,7.578132734359477427e-05,7.410938429462665678e-05,7.252797001008312637e-05,7.109532813094084471e-05,6.991109554421810128e-05,6.920489449562203265e-05,2.481001592686893112e-22
5.716016707593358018e-04,5.716016707593358018e-04,4.364657411753538685e-04,4.354712886225070708e-04,4.363671560469168753e-04,4.376225025501270880e-04,4.387307886027500730e-04,4.402774315373388352e-04,4.419356981828807753e-04,4.432575296691726322e-04,4.459186788769860482e-04,4.495413227309715833e-04,4.526155633467607493e-04,4.560518258766909977e-04,4.591545557866557681e-04,4.631603610024598631e-04,4.675696410204319207e-04,4.715030341572619410e-04,4.749829119538703163e-04,4.777343892033535230e-04,4.806556869436924930e-04,4.839991548349752300e-04,4.873383211634055778e-04,4.905573402324439700e-04,4.928839559505433917e-04,4.947163290503447768e-04,4.965661571209141955e-04,4.975025273080288741e-04,4.977513929305733310e-04,4.978202477326472766e-04,4.854812988696340201e-04,4.669464959549173640e-04,4.503125079829750415e-04,4.344949123604415408e-04,4.193734597811788530e-04,4.052219930028606995e-04,3.917551040415273252e-04,3.787775303448642794e-04,3.664577748179179877e-04,3.542461502210432424e-04,3.426313523227374246e-04,3.308375307072759807e-04,3.189241868872168544e-04,3.064806252308715042e-04,2.941742876763691283e-04,2.825188584959958038e-04,2.713316580709742676e-04,2.600651627233494141e-04,2.476078206692118979e-04,2.328704066654733887e-04,2.176281220650068491e-04,2.029509982528631025e-04,1.891588301433425566e-04,1.765328564486372937e-04,1.651904161797768751e-04,1.551049465687492565e-04,1.464013263705527044e-04,1.392708240981197279e-04,1.340675154921398620e-04,1.316616398931576520e-04,1.311564303961192731e-04,1.305071150042479079e-04,1.297232359210202595e-04,1.288120945220463172e-04,1.277819775137285601e-04,1.266417695128605597e-04,1.254007076326533869e-04,1.240681621513979051e-04,1.226534487718453342e-04,1.211656734684564543e-04,1.196136090435718905e-04,1.180056011766834190e-04,1.163495009161390464e-04,1.146526201393625904e-04,1.129217063991369915e-04,1.111629336889694871e-04,1.093819059220391691e-04,1.075836702629967057e-04,1.057727378330836960e-04,1.039531096928391480e-04,1.021283063714888156e-04,1.003013995446829025e-04,9.847504475695574545e-05,9.665151434305594607e-05,9.483272993568272796e-05,9.302029419943654140e-05,9.121552183932777160e-05,8.941947090721712968e-05,8.763297809734406124e-05,8.585670884335632554e-05,8.409125041209237995e-05,8.233731353872580645e-05,8.059617559930184886e-05,7.887059204191325173e-05,7.716647903712253666e-05,7.549563861260124437e-05,7.387961620083109877e-05,7.235474944432154863e-05,7.097986455491672459e-05,6.985582369899040489e-05,6.921480117245512489e-05,1.521255941011833764e-19
5.101367821424274401e-04,5.101367821424274401e-04,4.230373026199780897e-04,4.228717408877633141e-04,4.238678859128903824e-04,4.251985030513935138e-04,4.263802160870897571e-04,4.279900252401757808e-04,4.297115898289434921e-04,4.311242427376267257e-04,4.338414241048748851e-04,4.374851209283966806e-04,4.405900566710795399e-04,4.440524972125479996e-04,4.472004859837568460e-04,4.512498724628178953e-04,4.556749184352932463e-04,4.596364776830065145e-04,4.631317621594843227e-04,4.658968867573001164e-04,4.688656231848207546e-04,4.722250188428692673e-04,4.755772599161029401e-04,4.788188272172621868e-04,4.811916543236636730e-04,4.831083822496079938e-04,4.850914326775236868e-04,4.862197891931262423e-04,4.868417507515765841e-04,4.878817511395541068e-04,4.848558793303735627e-04,4.667036785759563376e-04,4.499918679311679169e-04,4.340966554766476494e-04,4.189238261725776978e-04,4.047069694263879169e-04,3.911647467577303566e-04,3.781081083397241200e-04,3.656774965495535523e-04,3.533559507381977714e-04,3.415782851738858499e-04,3.297320034465584752e-04,3.181035620205211324e-04,3.061304965446326118e-04,2.941827825426218310e-04,2.830027215870146128e-04,2.726405178666128112e-04,2.625735723461023645e-04,2.518122960141700112e-04,2.394336303640331304e-04,2.246424221032545794e-04,2.096491541974502572e-04,1.953292048346642852e-04,1.819513775538033999e-04,1.698295199526508436e-04,1.589780137434190224e-04,1.494168838075366032e-04,1.412898125026470402e-04,1.348475178421644179e-04,1.305378000972602149e-04,1.292207006751689671e-04,1.286351840399302588e-04,1.279145191498679197e-04,1.270665385995955392e-04,1.260990976285635858e-04,1.250207415100462825e-04,1.238404388211800295e-04,1.225673583461918794e-04,1.212106756504188325e-04,1.197794111570157888e-04,1.182822994327697205e-04,1.167276879257399551e-04,1.151234624398556706e-04,1.134769960983887454e-04,1.117951183479233627e-04,1.100841005976609235e-04,1.083496552966269543e-04,1.065969455587374357e-04,1.048306028027508823e-04,1.030547502444094507e-04,1.012730304369666449e-04,9.948863538854246010e-05,9.770433808253672296e-05,9.592252449019400009e-05,9.414522540298897186e-05,9.237414766712317873e-05,9.061070480369247426e-05,8.885604793997958653e-05,8.711110055272761618e-05,8.537660744189332529e-05,8.365322539145229452e-05,8.194171998528793543e-05,8.024340082339042625e-05,7.856102354838793934e-05,7.690046945826860432e-05,7.527349049570947409e-05,7.370163024470233778e-05,7.222139051725115760e-05,7.089209143987109470e-05,6.981564242485999432e-05,6.922644645643728084e-05,4.113724448427602959e-20
4.646053720797642850e-04,4.646053720797642850e-04,4.134921314676189680e-04,4.139229007643007124e-04,4.150055244676809562e-04,4.164031552633155821e-04,4.176495185039159896e-04,4.193156907933645334e-04,4.210933295773451666e-04,4.225858126730823732e-04,4.253548927947310146e-04,4.290204696841516067e-04,4.321532854435030974e-04,4.356397563085018091e-04,4.388277115648362195e-04,4.429168213007946930e-04,4.473549618924254788e-04,4.513348181991020704e-04,4.548550516700496896e-04,4.576172715646452350e-04,4.606200123798511771e-04,4.639764194171825751e-04,4.673330230842226364e-04,4.705822981987426508e-04,4.729676650589665298e-04,4.749252715255566069e-04,4.769614981068252932e-04,4.781681570390839461e-04,4.789666243306798144e-04,4.803670281015797556e-04,4.813032951765183558e-04,4.668922107492862422e-04,4.501312500351519158e-04,4.341352224381673760e-04,4.189007669977286665e-04,4.046152119165902206e-04,3.910063491690586872e-04,3.778803761330108398e-04,3.653576462283200069e-04,3.529491936528674216e-04,3.410504382823422993e-04,3.290747253153970451e-04,3.173484713612852474e-04,3.056543133572590704e-04,2.940019462225378836e-04,2.830869053596983911e-04,2.731208509969903380e-04,2.636840181912635775e-04,2.538799226418887115e-04,2.428856599984491522e-04,2.297562208413712458e-04,2.147374262384861847e-04,2.001359990087105752e-04,1.863452540304693544e-04,1.736072178795144451e-04,1.621995994218414238e-04,1.520471865307456458e-04,1.432417119129366213e-04,1.359816718454639713e-04,1.305829379965111020e-04,1.277384516141138245e-04,1.271695348903905266e-04,1.264990498074873408e-04,1.257015018474939622e-04,1.247842465591534819e-04,1.237555248485716099e-04,1.226240571332193221e-04,1.213988207245685123e-04,1.200888521225554795e-04,1.187030797749356317e-04,1.172501874753853311e-04,1.157385070599338853e-04,1.141759379983908572e-04,1.125698908486266503e-04,1.109272512598524324e-04,1.092543611890514269e-04,1.075570141531518090e-04,1.058404616118720616e-04,1.041094279100093491e-04,1.023681315644920276e-04,1.006203110337701461e-04,9.886925343771225483e-05,9.711782499582387903e-05,9.536850221818080542e-05,9.362340312622513137e-05,9.188431803775108588e-05,9.015273984721456637e-05,8.842989465169881014e-05,8.671677608242331641e-05,8.501419347192586769e-05,8.332286077089210395e-05,8.164358988194993097e-05,7.997772007169150633e-05,7.832801307317395836e-05,7.670033048214414052e-05,7.510639392436295968e-05,7.356775527577338284e-05,7.212105686565703608e-05,7.082602685427431355e-05,6.978544608250106685e-05,6.923561919217391717e-05,8.589425513675239420e-21
4.327210702474928875e-04,4.327210702474928875e-04,4.071664675147265147e-04,4.079630222678715850e-04,4.091218119055047161e-04,4.105808432173058370e-04,4.118856839530022707e-04,4.136034089934267086e-04,4.154321504606582854e-04,4.169969159014066278e-04,4.198154831048680449e-04,4.235049842991413824e-04,4.266648859445856443e-04,4.301748655340832260e-04,4.334006576842687171e-04,4.375274880627248925e-04,4.419796886826709540e-04,4.459737280384294634e-04,4.495186881666875223e-04,4.522712192214332363e-04,4.552907123811992369e-04,4.586442421023982099e-04,4.619890420519766989e-04,4.652347829335375801e-04,4.676224539334566358e-04,4.696002073013581302e-04,4.716590504001256200e-04,4.728953626382269878e-04,4.737745732496344959e-04,4.753188579574755906e-04,4.769037333659171315e-04,4.675160044319162200e-04,4.506146542576415590e-04,4.345230186944966074e-04,4.192088859048743771e-04,4.048529994042932966e-04,3.911773389900576351e-04,3.779854479121012422e-04,3.653815562073898420e-04,3.528990732621458586e-04,3.409102383786179386e-04,3.288437408160689666e-04,3.169892989138784010e-04,3.052281267236942540e-04,2.938734776994725317e-04,2.831466802494308566e-04,2.733328481479454218e-04,2.642297029390037653e-04,2.549511585348421608e-04,2.447590979250622027e-04,2.328187361389777161e-04,2.183704741390967840e-04,2.036752335777288587e-04,1.896573616188086859e-04,1.765589258526830936e-04,1.647083256511444333e-04,1.541516166183880450e-04,1.448869233294471288e-04,1.370814999245188260e-04,1.309888013731115466e-04,1.270764095108743762e-04,1.260427406996460242e-04,1.254127621797926524e-04,1.246553340845510849e-04,1.237780889517660170e-04,1.227889869948584328e-04,1.216965241773168219e-04,1.205095013348340873e-04,1.192368232721202029e-04,1.178873272825129445e-04,1.164696417198246033e-04,1.149920736573326470e-04,1.134625235149823739e-04,1.118884238236105488e-04,1.102766989412455102e-04,1.086337424561039365e-04,1.069654091246529553e-04,1.052770184332305162e-04,1.035733671838516757e-04,1.018587488482517725e-04,1.001369777795786220e-04,9.841141669970344637e-05,9.668500618069174140e-05,9.496029510845480244e-05,9.323947136295350404e-05,9.152439220891793090e-05,8.981661428589668092e-05,8.811742399063189353e-05,8.642787150953836861e-05,8.474881842682934147e-05,8.308102543915494610e-05,8.142534327617991592e-05,7.978313806856298957e-05,7.815718163048704890e-05,7.655332749194129088e-05,7.498328259698625465e-05,7.346861492508012991e-05,7.204608648339013214e-05,7.077575849403977884e-05,6.976112799442882903e-05,6.924010795663166566e-05,1.455799608596111670e-21
4.114545725787833856e-04,4.114545725787833856e-04,4.032921122357207991e-04,4.042925588936682681e-04,4.055208838287116947e-04,4.070375543884601193e-04,4.083965997042792351e-04,4.101624337378359519e-04,4.120388868740237518e-04,4.136708988158548485e-04,4.165373835520161838e-04,4.202529078581059940e-04,4.234399473270690668e-04,4.269734515021204467e-04,4.302354881910636954e-04,4.343998725350299854e-04,4.388679515018301916e-04,4.428760251407207562e-04,4.464424215895353284e-04,4.491815791174968986e-04,4.522101847314616090e-04,4.555466073117714343e-04,4.588746893848560156e-04,4.621080491076071150e-04,4.644884701006413456e-04,4.664737329402709933e-04,4.685416527751357020e-04,4.697879135027118900e-04,4.707101219040944013e-04,4.723138015470636697e-04,4.740594957407362584e-04,4.683942282789840014e-04,4.513528082327487650e-04,4.351488226339374253e-04,4.197589885921391962e-04,4.053256529686022564e-04,3.915754689195954453e-04,3.783279157123631124e-04,3.656456368926484291e-04,3.530935142960309626e-04,3.410273361217104745e-04,3.288861445158838197e-04,3.169489763014455598e-04,3.050635270558053067e-04,2.938311341605770021e-04,2.832078264238930242e-04,2.735092725771169782e-04,2.645593583370518028e-04,2.555577556872224939e-04,2.458276675848521478e-04,2.345911018317681739e-04,2.208881385407623888e-04,2.061864670127267157e-04,1.920507602074498393e-04,1.787685560490258005e-04,1.665899705926317113e-04,1.557522674878982275e-04,1.461787079821644394e-04,1.380074825030191694e-04,1.314498448123752831e-04,1.268756488329793764e-04,1.251776113458083386e-04,1.245814380208844479e-04,1.238562808697722250e-04,1.230112908771812199e-04,1.220541450069991457e-04,1.209931368366912955e-04,1.198369055515230181e-04,1.185942331187189323e-04,1.172738693290083158e-04,1.158843863189270201e-04,1.144340619411040834e-04,1.129307901239879567e-04,1.113820155762023408e-04,1.097946897723879427e-04,1.081752450241840481e-04,1.065295835129357336e-04,1.048630783712597200e-04,1.031805841925911507e-04,1.014864546787218617e-04,9.978456547419453377e-05,9.807834056249021474e-05,9.637078090015096707e-05,9.466449423674201398e-05,9.296172531803950927e-05,9.126438593198103332e-05,8.957408465129837460e-05,8.789215702182630525e-05,8.621969938086514716e-05,8.455761608921783337e-05,8.290670644544791167e-05,8.126785399476455960e-05,7.964244919244340792e-05,7.803327650335945074e-05,7.644618980103792989e-05,7.489289288245779019e-05,7.339497532910320258e-05,7.198930176734196808e-05,7.073620613575578502e-05,6.973977604131653956e-05,6.923929278914621867e-05,1.500747597259382511e-19
3.979470104589271306e-04,3.979470104589271306e-04,4.011590614560682608e-04,4.022725260903452921e-04,4.035664268490811511e-04,4.051382220559763994e-04,4.065485511416443783e-04,4.083600055677025762e-04,4.102818980754903552e-04,4.119778650208641316e-04,4.148910751809261775e-04,4.186342502954552370e-04,4.218486842287942867e-04,4.254057553905020049e-04,4.287033661267692611e-04,4.329051814208705984e-04,4.373907826467796989e-04,4.414136993721733300e-04,4.449969847907869151e-04,4.477222490338156032e-04,4.507458895332049163e-04,4.540599603675233372e-04,4.573659229723362504e-04,4.605810682120720046e-04,4.629409356445279020e-04,4.649305391608994750e-04,4.669986944396018413e-04,4.682416972697091393e-04,4.691917144157960401e-04,4.708295046504513926e-04,4.726163432903051210e-04,4.694219284469730883e-04,4.522860763344555067e-04,4.359269196227039968e-04,4.204617239171347452e-04,4.059495863865836165e-04,3.921264580308917174e-04,3.788198752280002831e-04,3.660601481338136213e-04,3.534494271259812684e-04,3.413055971057444324e-04,3.291014638914685790e-04,3.171008729594087085e-04,3.051400691894738345e-04,2.938395851530961199e-04,2.833427451872044898e-04,2.737137985274260129e-04,2.648001613128155214e-04,2.559451572567056398e-04,2.464749490266052384e-04,2.356578371841040612e-04,2.225806934668411339e-04,2.079348612468186316e-04,1.937527507619017002e-04,1.803754050158762313e-04,1.679870650271578962e-04,1.569458538348640544e-04,1.471636110671988354e-04,1.387425568788332154e-04,1.318648291788833340e-04,1.268541953395435878e-04,1.245020952872442628e-04,1.239346258188506493e-04,1.232361003203496944e-04,1.224177812773537559e-04,1.214870611895959223e-04,1.204520488343058260e-04,1.193212337977543819e-04,1.181032828796608483e-04,1.168068621868737140e-04,1.154404881602307231e-04,1.140124071944115768e-04,1.125305022342708359e-04,1.110022238778730463e-04,1.094345430389944644e-04,1.078339220400414814e-04,1.062063010415259556e-04,1.045570968970586500e-04,1.028912117959310143e-04,1.012130493743645363e-04,9.952653630888245832e-05,9.783514772893998955e-05,9.614193508733915716e-05,9.444955540073071275e-05,9.276030102478048721e-05,9.107612939330925227e-05,8.939869254575879122e-05,8.772936715734138140e-05,8.606928820296922637e-05,8.441939594098269741e-05,8.278052230882329793e-05,8.115357918670522918e-05,7.953997931180440512e-05,7.794252137603124961e-05,7.636706533901454943e-05,7.482531981858619476e-05,7.333889951092548371e-05,7.194475850832627206e-05,7.070345808281166351e-05,6.971958188047712543e-05,6.923359756223747762e-05,4.065878416785922940e-20
3.898343249984794444e-04,3.898343249984794444e-04,4.001904404385224338e-04,4.013755837576099984e-04,4.027327275465375478e-04,4.043579647177139623e-04,4.058176139866837007e-04,4.076729017917563773e-04,4.096387821527019643e-04,4.113965887443091262e-04,4.143555265743482929e-04,4.181274041352580988e-04,4.213694317173965836e-04,4.249499917755730034e-04,4.282829954947258680e-04,4.325219586390725846e-04,4.370262615235303433e-04,4.410647587426667492e-04,4.446628874954813675e-04,4.473655582797201116e-04,4.503794845174230823e-04,4.536662177008577508e-04,4.569444454379908895e-04,4.601372603798002973e-04,4.624701522502936801e-04,4.644588648106864458e-04,4.665163863892761963e-04,4.677492353447836428e-04,4.687223422448294572e-04,4.703780219780241386e-04,4.721782029276491493e-04,4.705016855642578291e-04,4.532944742784252631e-04,4.367964243769366242e-04,4.212505144976039922e-04,4.066619754005753066e-04,3.927677773389221015e-04,3.793992361392597209e-04,3.665685279084757273e-04,3.538961818703216197e-04,3.416832157385384311e-04,3.294202291567550683e-04,3.173604063971593981e-04,3.053464792205351215e-04,2.939623942363534578e-04,2.835246671831162133e-04,2.739284375251649665e-04,2.650085309005194636e-04,2.562245424158400456e-04,2.468942519807290322e-04,2.363296728744931506e-04,2.236667439982024247e-04,2.091522491462005163e-04,1.949742268410268589e-04,1.815510453847067726e-04,1.690508986802821982e-04,1.578454024859387195e-04,1.479181406833910729e-04,1.393212291868847243e-04,1.322181472073959585e-04,1.268987826117823901e-04,1.240140255553540659e-04,1.234134865773873558e-04,1.227377656666612724e-04,1.219422846065107820e-04,1.210341937428823400e-04,1.200214292930212650e-04,1.189123397977760195e-04,1.177154823700233671e-04,1.164394422190621241e-04,1.150926805758948907e-04,1.136834109427164763e-04,1.122195022800083069e-04,1.107084068289009146e-04,1.091571097339133744e-04,1.075720974035553474e-04,1.059593415456880193e-04,1.043242959709537044e-04,1.026719035125796064e-04,1.010066107182892826e-04,9.933238829612855785e-05,9.765275561706190097e-05,9.597080787867341429e-05,9.428924480975892238e-05,9.261040005041424586e-05,9.093627060961255643e-05,8.926854619862818264e-05,8.760863912624515157e-05,8.595771784709597854e-05,8.431675378102732575e-05,8.268660737708801052e-05,8.106821571015295001e-05,7.946301228683696127e-05,7.787381093701440282e-05,7.630648140623982043e-05,7.477274228313939540e-05,7.329423536477830587e-05,7.190799455199292699e-05,7.067477624938701551e-05,6.969959334144072943e-05,6.922397058608333086e-05,1.580891742485160296e-19
3.853023383623989362e-04,3.853023383623989362e-04,3.999585645037542422e-04,4.012012313001860455e-04,4.026202138205049936e-04,4.042977599382165978e-04,4.058054329983021118e-04,4.077032943870396303e-04,4.097123223367548457e-04,4.115306220843629841e-04,4.145344317434882767e-04,4.183355807528102476e-04,4.216052829894995362e-04,4.252091500607916067e-04,4.285776318901838135e-04,4.328533065633880352e-04,4.373770324800969780e-04,4.414315895952974932e-04,4.450439550103882629e-04,4.477215632988568780e-04,4.507175647810761831e-04,4.539708073798795246e-04,4.572169965474080517e-04,4.603781962240104044e-04,4.626867939739537708e-04,4.646642194705917061e-04,4.667096032406031336e-04,4.679289431350680322e-04,4.689135849915490725e-04,4.705865593465985495e-04,4.723850474943616044e-04,4.715296383745311791e-04,4.543436932092884302e-04,4.377174154001421376e-04,4.220879868127049277e-04,4.074223519700174794e-04,3.934554252715797987e-04,3.800278863591338881e-04,3.671223773245966431e-04,3.543942897002744664e-04,3.421155191753283116e-04,3.297969206850206113e-04,3.176799974913717471e-04,3.056243947948321339e-04,2.941881907982889211e-04,2.837481437471639197e-04,2.741412009687568710e-04,2.652059010644169479e-04,2.564466818966916906e-04,2.471865940512783170e-04,2.367763907151543333e-04,2.243845003056346471e-04,2.100273452588709451e-04,1.958811588529351636e-04,1.824422928803638407e-04,1.698935720166050434e-04,1.585495367664633789e-04,1.485162743815529184e-04,1.397895274852604670e-04,1.325192609905109645e-04,1.269672990175250613e-04,1.236912040815549784e-04,1.229734441360208106e-04,1.223181193382387032e-04,1.215429388637044144e-04,1.206549703109455651e-04,1.196619838238791939e-04,1.185721922961296379e-04,1.173940464482829720e-04,1.161360520752443588e-04,1.148066151554222861e-04,1.134139149994916273e-04,1.119658042747619591e-04,1.104697337663353195e-04,1.089326991512121103e-04,1.073612067898783431e-04,1.057612555046220096e-04,1.041383314447036308e-04,1.024974133754991866e-04,1.008429860248657414e-04,9.917905943957311648e-05,9.750919262294887289e-05,9.583652002618808124e-05,9.416377974270716917e-05,9.249334251209714549e-05,9.082724091021037631e-05,8.916719850004625639e-05,8.751465960494767698e-05,8.587082276423462087e-05,8.423668743977883247e-05,8.261313986535686205e-05,8.100114021478003242e-05,7.940214170490549647e-05,7.781897378209692915e-05,7.625751821154611487e-05,7.472950664572204844e-05,7.325660889751582747e-05,7.187593184012934977e-05,7.064840524627005866e-05,6.967942650936768110e-05,6.921149068140549927e-05,4.201899198157814471e-20
3.830368071387803557e-04,3.830368071387803557e-04,4.001689860155806613e-04,4.014669694176704407e-04,4.029469145566176125e-04,4.046759900777009873e-04,4.062308397577281903e-04,4.081704032424189653e-04,4.102221845876401120e-04,4.121001130005955224e-04,4.151480651368508320e-04,4.189787176925940200e-04,4.222760757392884511e-04,4.259030211179271681e-04,4.293072386490695558e-04,4.336190822990222487e-04,4.381626025415281435e-04,4.422334699402496300e-04,4.458598304117280977e-04,4.485062018234617430e-04,4.514816850281893885e-04,4.546961237905624751e-04,4.579068925461363408e-04,4.610329153905587635e-04,4.633116302077383672e-04,4.652764560131743060e-04,4.673052899096081462e-04,4.685028774065496857e-04,4.695025395264854507e-04,4.711824243454394863e-04,4.729808717223218375e-04,4.725465056374160097e-04,4.554095121892943847e-04,4.386612369066098015e-04,4.229414473278828804e-04,4.082005686463291904e-04,3.941636338354712510e-04,3.806751941992854199e-04,3.676978477349734735e-04,3.549168179908135812e-04,3.425728510437756253e-04,3.301985946115203120e-04,3.180321695972036246e-04,3.059332293376299818e-04,2.944700020797340269e-04,2.839970428238608566e-04,2.743596193866484228e-04,2.653959298923450668e-04,2.566359547008402594e-04,2.474059504988079371e-04,2.370942499326048080e-04,2.248908637805860898e-04,2.106919405954944422e-04,1.965917787158765330e-04,1.831570524612266147e-04,1.705854296727183923e-04,1.591331905028403593e-04,1.490162588143952331e-04,1.401883093543755785e-04,1.327852440239453750e-04,1.270466469520670487e-04,1.234628846897997082e-04,1.225835360235234752e-04,1.219471098969098128e-04,1.211905817032504253e-04,1.203211165034507148e-04,1.193463202724598306e-04,1.182742732663223304e-04,1.171133213719386247e-04,1.158718913326986375e-04,1.145583332577480948e-04,1.131807908673166605e-04,1.117470985289114558e-04,1.102647031080104394e-04,1.087406080209853452e-04,1.071813365634220457e-04,1.055929115177303560e-04,1.039808481492914308e-04,1.023501579196306813e-04,1.007053605296475508e-04,9.905050221889824535e-05,9.738917856230435929e-05,9.572456030646160814e-05,9.405942106596124758e-05,9.239616595951266717e-05,9.073686053808719277e-05,8.908325975753094241e-05,8.743683763510283458e-05,8.579882062401888662e-05,8.417023423648046100e-05,8.255198874726815878e-05,8.094506607559083186e-05,7.935093842684303302e-05,7.777245106898369184e-05,7.621549902997035630e-05,7.469182871942116428e-05,7.322313818645773294e-05,7.184660252963148361e-05,7.062331069950185706e-05,6.965901591659065528e-05,6.919712784298886208e-05,1.581803659382301529e-19
3.821365341523137314e-04,3.821365341523137314e-04,4.006317305477660328e-04,4.019866910816275352e-04,4.035270247651081914e-04,4.053070678295107670e-04,4.069085348465335318e-04,4.088892011172785466e-04,4.109836527465200490e-04,4.129206314410852887e-04,4.160121072155316467e-04,4.198722870251503456e-04,4.231972173541183671e-04,4.268470099771513762e-04,4.302873404789648009e-04,4.346347539943731624e-04,4.391982071884232295e-04,4.432854738752312323e-04,4.469256555280291918e-04,4.495392404915800940e-04,4.524879616734383170e-04,4.556609551358903397e-04,4.588325706603949700e-04,4.619211972053882068e-04,4.641640305013170040e-04,4.661169693436661879e-04,4.681222298986182783e-04,4.692988948250093831e-04,4.703060877923288330e-04,4.719965853069940328e-04,4.737855600483872822e-04,4.735588187490570047e-04,4.564788548198113602e-04,4.396290476655850495e-04,4.237935618131810460e-04,4.089822291655280341e-04,3.948757863947218458e-04,3.813272767155472215e-04,3.682795956414232309e-04,3.554458354093084855e-04,3.430381550452262147e-04,3.306154518113601126e-04,3.183971136909114429e-04,3.062577518281318608e-04,2.947708137007288925e-04,2.842749432092618839e-04,2.745784152188308750e-04,2.655835794628163887e-04,2.568059593582492327e-04,2.475842774159930839e-04,2.373378414240669859e-04,2.252759241280303528e-04,2.112305679179275785e-04,1.971855277710341816e-04,1.837657715041744971e-04,1.711850317234659715e-04,1.596475824805988406e-04,1.494590571905104451e-04,1.405469926952108289e-04,1.330315969378351615e-04,1.271342764050830321e-04,1.232942675909639565e-04,1.222237645254725235e-04,1.216052985861989502e-04,1.208663441783475293e-04,1.200143333091196909e-04,1.190567068069316338e-04,1.180014137008834842e-04,1.168566954115921286e-04,1.156308991987603214e-04,1.143323182445829105e-04,1.129690591483511699e-04,1.115489361041286981e-04,1.100793899482657495e-04,1.085674295779289665e-04,1.070195928848936319e-04,1.054419242457608395e-04,1.038399656895791983e-04,1.022187590650481517e-04,1.005828568022176556e-04,9.893633916961900167e-05,9.728283623988423165e-05,9.562555307702532001e-05,9.396729693780965769e-05,9.231050554108227865e-05,9.065727573371230744e-05,8.900939228424978983e-05,8.736835742308606326e-05,8.573542414016120292e-05,8.411164273917070557e-05,8.249794643323860347e-05,8.089533802035984815e-05,7.930530819941614313e-05,7.773071809732516331e-05,7.617747661653515143e-05,7.465734572447259645e-05,7.319205150803142828e-05,7.181883397783906742e-05,7.059893216724679788e-05,6.963843723623364189e-05,6.918163883163216618e-05,4.202565883967972952e-20
3.820175062761424403e-04,3.820175062761424403e-04,4.012313551393409438e-04,4.026454234627726376e-04,4.042457410279200322e-04,4.060763172112894686e-04,4.077240165614278897e-04,4.097453654645369847e-04,4.118826093359404536e-04,4.138782186194524130e-04,4.170126872403527043e-04,4.209023006070369464e-04,4.242546839270910615e-04,4.279271116777484132e-04,4.314040133924116152e-04,4.357863761792477638e-04,4.403697606341846235e-04,4.444734143028188566e-04,4.481272629347990291e-04,4.507064156791379113e-04,4.536254162239324711e-04,4.567540792285071892e-04,4.598828197870818047e-04,4.629318543515485761e-04,4.651365634788785742e-04,4.670707492710249298e-04,4.690560427089682282e-04,4.702041168424276598e-04,4.712216349446776394e-04,4.729148269782322100e-04,4.746959619564622619e-04,4.745677189238678775e-04,4.575252628356471485e-04,4.405921444047193147e-04,4.246425922908327304e-04,4.097601779628128960e-04,3.955840954427027175e-04,3.819766180586133117e-04,3.688593908381787969e-04,3.559732072802184767e-04,3.435073367392844088e-04,3.310312337315526356e-04,3.187658491108777891e-04,3.065908071431149083e-04,2.950788396686376217e-04,2.845873060370549012e-04,2.747982886025773092e-04,2.657695180217332660e-04,2.569650179870255013e-04,2.477397775015260733e-04,2.375377268286124458e-04,2.255904117521546296e-04,2.116943190411109768e-04,1.977098230716206389e-04,1.843132358208493884e-04,1.717302625050673361e-04,1.601265648101368841e-04,1.498701635163038771e-04,1.408846125975974880e-04,1.332695344366612001e-04,1.272307463840932434e-04,1.231678746319247553e-04,1.218820395514028120e-04,1.212809291878195193e-04,1.205588125812038011e-04,1.197235499434975119e-04,1.187824141651556238e-04,1.177432235028052127e-04,1.166141145551393869e-04,1.154033541787479139e-04,1.141191772953212697e-04,1.127696517624755639e-04,1.113625697963827607e-04,1.099053642978780633e-04,1.084050476993253005e-04,1.068681705505799190e-04,1.053007969253827653e-04,1.037084937835995298e-04,1.020963316075316558e-04,1.004688938910330398e-04,9.883029335892507049e-05,9.718419310269908349e-05,9.553383111769359645e-05,9.388204700696448979e-05,9.223130988032042423e-05,9.058374675423582303e-05,8.894117116275940911e-05,8.730511257848797317e-05,8.567684963315378745e-05,8.405745660892910496e-05,8.244788894519460042e-05,8.084916974956654677e-05,7.926280785920071981e-05,7.769168019807253455e-05,7.614170977491556034e-05,7.462467438071963876e-05,7.316232770624288111e-05,7.179197227911716635e-05,7.057499131943218730e-05,6.961780280749468419e-05,6.916555501856361222e-05,8.694120529000894836e-21
3.823226989910179967e-04,3.823226989910179967e-04,4.019015936993489873e-04,4.033763445423677214e-04,4.050363319066592775e-04,4.069170779901032744e-04,4.086107241351262173e-04,4.106724458517150319e-04,4.128527316924336492e-04,4.149066324756495324e-04,4.180836271314854430e-04,4.220025193019359146e-04,4.253822189299439715e-04,4.290770929598378917e-04,4.325910750938515123e-04,4.370077642996450561e-04,4.416109999357308914e-04,4.457309696735859230e-04,4.493983436704821507e-04,4.519425084888664549e-04,4.548296727613087577e-04,4.579113831975908737e-04,4.609945080634085621e-04,4.640010103859313370e-04,4.661660033887921853e-04,4.680794803206934722e-04,4.700375621297015914e-04,4.711619083841540813e-04,4.721826403105624658e-04,4.738797322081047159e-04,4.756525577080824262e-04,4.755587214923712755e-04,4.585102425482615041e-04,4.415543991960500575e-04,4.254868429758594029e-04,4.105314609017755704e-04,3.962856835683820382e-04,3.826196055793745733e-04,3.694334605265258884e-04,3.564971463036224818e-04,3.439711278287207433e-04,3.314494020140101795e-04,3.191361247486353332e-04,3.069216127155724363e-04,2.953921050814882227e-04,2.848917922879099819e-04,2.750331692155632136e-04,2.659550191923211373e-04,2.571185330680559786e-04,2.478822113164889885e-04,2.377111666688037461e-04,2.258621268648639240e-04,2.121127364207897235e-04,1.981933606631836357e-04,1.848242191735577117e-04,1.722445400184753844e-04,1.605907254179049233e-04,1.502655520074319369e-04,1.412129357464517762e-04,1.335058670876161071e-04,1.273369273062023674e-04,1.230744845490646441e-04,1.215514915750837550e-04,1.209673221070726046e-04,1.202615015060146196e-04,1.194424754913597049e-04,1.185173450724618603e-04,1.174937976860046198e-04,1.163798643692144603e-04,1.151837304014231253e-04,1.139135709711511154e-04,1.125774135361465864e-04,1.111830265802723214e-04,1.097378332861307401e-04,1.082488478599406601e-04,1.067226318042960542e-04,1.051652672634836833e-04,1.035823445939249401e-04,1.019789614763945320e-04,1.003597311344668722e-04,9.872879751474771665e-05,9.708985558899043528e-05,9.544617523612538180e-05,9.380062744286863361e-05,9.215571182648196898e-05,9.051358476272120175e-05,8.887608780852608288e-05,8.724477699915758068e-05,8.562095598885316699e-05,8.400572248012952111e-05,8.240005364985584948e-05,8.080499251627541876e-05,7.922206577975721912e-05,7.765416604316436493e-05,7.610723043757999622e-05,7.459305254199177608e-05,7.313341309443553630e-05,7.176567529647751129e-05,7.055136254214883131e-05,6.959721248823079150e-05,6.914921850776762334e-05,1.508965936120838476e-19
3.828463821607659776e-04,3.828463821607659776e-04,4.026064491126877002e-04,4.041428185759949861e-04,4.058622067557755299e-04,4.077927982406687429e-04,4.095321592645679459e-04,4.116340075840803597e-04,4.138576610227881611e-04,4.159695498263256646e-04,4.191886470771785948e-04,4.231366338481790850e-04,4.265435057289631952e-04,4.302606565561212823e-04,4.338122571626449112e-04,4.382626561353495840e-04,4.428856218387580701e-04,4.470218050518720912e-04,4.507025719397067857e-04,4.532120298412050654e-04,4.560656980663518119e-04,4.590984779595218019e-04,4.621339907219683190e-04,4.650948783930376035e-04,4.672179972329059219e-04,4.691098355187196377e-04,4.710381475812399927e-04,4.721324720744434996e-04,4.731614881950756656e-04,4.748573681862808043e-04,4.766193810104080771e-04,4.765350331286542155e-04,4.594573296756785503e-04,4.425161118262126267e-04,4.263261069706967155e-04,4.112952461374704298e-04,3.969792938590160003e-04,3.832551476858151720e-04,3.700002436041640707e-04,3.570154625777036497e-04,3.444302823399815884e-04,3.318602298985376636e-04,3.195021361791847278e-04,3.072521376773922649e-04,2.957028445315357506e-04,2.851846582646357380e-04,2.752853963108418413e-04,2.661427712952446059e-04,2.572694075591154365e-04,2.480169064580758551e-04,2.378673501115124045e-04,2.261055957669419556e-04,2.125024136836412361e-04,1.986508106572750627e-04,1.853131935597796876e-04,1.727400834056166989e-04,1.610584981234886395e-04,1.506536463261694736e-04,1.415380273223564532e-04,1.337449208421313731e-04,1.274532277979309100e-04,1.230087984281573552e-04,1.212284385040273722e-04,1.206608975342203125e-04,1.199709358052057244e-04,1.191677395183359650e-04,1.182582331403520947e-04,1.172499730267812608e-04,1.161508837484794438e-04,1.149690677319954171e-04,1.137126389151169509e-04,1.123895827021321081e-04,1.110076421372122214e-04,1.095742289847629459e-04,1.080963575755584808e-04,1.065805987950708592e-04,1.050330513851164264e-04,1.034593277314027935e-04,1.018645514543589284e-04,1.002533643553265669e-04,9.862994055321818885e-05,9.699800594690516787e-05,9.536086143510729655e-05,9.372140860636494954e-05,9.208217687824745822e-05,9.044535134638623524e-05,8.881280101256633743e-05,8.718610795249134892e-05,8.556660037231758912e-05,8.395539897416782256e-05,8.235350230392928807e-05,8.076197298303456338e-05,7.918235534302152953e-05,7.761755751717913676e-05,7.607353065966738711e-05,7.456208394281489324e-05,7.310502453737096750e-05,7.173977478927190984e-05,7.052799529658981229e-05,6.957673844096256535e-05,6.913283349469478685e-05,4.076421654796437189e-20
3.834767861239166673e-04,3.834767861239166673e-04,4.033273911295605797e-04,4.049258552039869353e-04,4.067043954682279089e-04,4.086845292365453544e-04,4.104694006839635506e-04,4.126111637765510882e-04,4.148785543105528969e-04,4.170481387366935157e-04,4.203089435595710674e-04,4.242858276053051905e-04,4.277197251659675464e-04,4.314589966461475161e-04,4.350487674974777889e-04,4.395322686504522726e-04,4.441748230209621251e-04,4.483271010090261136e-04,4.520211343279362942e-04,4.544966966462814944e-04,4.573154664055970541e-04,4.602979552648879991e-04,4.632838889570680481e-04,4.661971970912246431e-04,4.682756844735449933e-04,4.701445765244478413e-04,4.720416993226440937e-04,4.731037431974790359e-04,4.741361251551804378e-04,4.758334839420150925e-04,4.775838442068735808e-04,4.774935818452896177e-04,4.603829618323693499e-04,4.434761314703986892e-04,4.271642482912625552e-04,4.120511146597756274e-04,3.976651995855513279e-04,3.838824447460945479e-04,3.705595800605633442e-04,3.575270561784654245e-04,3.448852942867446742e-04,3.322687524536663620e-04,3.198653177222286954e-04,3.075815279808994198e-04,2.960102471940715069e-04,2.854771374400505153e-04,2.755611338874481794e-04,2.663348920311396162e-04,2.574195092458460635e-04,2.481469376246261938e-04,2.380108500082557099e-04,2.263284747778518044e-04,2.128710172977680648e-04,1.990899528636216962e-04,1.857866181803567978e-04,1.732231189447715040e-04,1.615299293826179207e-04,1.510388219264394659e-04,1.418631168948903808e-04,1.339880112315531278e-04,1.275801980872539243e-04,1.229673270751971707e-04,1.209110120230651419e-04,1.203598382574532958e-04,1.196853526751593029e-04,1.188976333636492980e-04,1.180034232216404199e-04,1.170101472118175985e-04,1.159256224968330235e-04,1.147578673647393709e-04,1.135149329976251195e-04,1.122047611247669301e-04,1.108350676917861823e-04,1.094132514070601727e-04,1.079463251498146787e-04,1.064408677004200507e-04,1.049029930136405060e-04,1.033383342302954369e-04,1.017520397477338561e-04,1.001487788907823334e-04,9.853275499918700067e-05,9.690772404318934890e-05,9.527701717338282218e-05,9.364356589205702081e-05,9.200992880102044859e-05,9.037831916433341128e-05,8.875063293505049676e-05,8.712847778765245613e-05,8.551320608562658387e-05,8.390596118004830411e-05,8.230776267861504277e-05,8.071969254500307241e-05,7.914331253165108270e-05,7.758154613851218245e-05,7.604035838586113239e-05,7.453157376680916515e-05,7.307702524712659240e-05,7.171419295735049462e-05,7.050487227398535633e-05,6.955642648702891641e-05,6.911651382082028986e-05,8.511747252410213099e-21
3.841566074555528452e-04,3.841566074555528452e-04,4.040553700653743471e-04,4.057161297613427601e-04,4.075535808566893591e-04,4.095829666068263419e-04,4.114131575434226023e-04,4.135946410163644847e-04,4.159061637774788414e-04,4.181331496545341022e-04,4.214352859536995817e-04,4.254408646549630454e-04,4.289016409158914094e-04,4.326628850275758011e-04,4.362913819210665505e-04,4.408073873618783417e-04,4.454693794392769143e-04,4.496376257816188707e-04,4.533448026248046198e-04,4.557873207691740588e-04,4.585702296161562708e-04,4.615016808229622548e-04,4.644366765722602762e-04,4.673003625576144389e-04,4.693320738371037880e-04,4.711756425481993817e-04,4.730400062924378546e-04,4.740691118031511325e-04,4.751033551687211965e-04,4.767976483837018135e-04,4.785363783056008216e-04,4.784357539063275396e-04,4.612886923367179770e-04,4.443981743021559161e-04,4.280216621795689363e-04,4.127961244037320495e-04,3.983435963813192790e-04,3.845020004369542371e-04,3.711112352436642613e-04,3.580318265083769582e-04,3.453346706449578456e-04,3.326707866415405061e-04,3.202240043531342020e-04,3.079056078459395168e-04,2.963199418065917191e-04,2.857638942794868018e-04,2.758570427142466482e-04,2.665334639641748094e-04,2.575704119681578724e-04,2.482739449012878827e-04,2.381443140920142811e-04,2.265346805346770830e-04,2.132223263763006593e-04,1.995149181548700867e-04,1.862484073330775830e-04,1.736969614048633926e-04,1.619968505032713787e-04,1.514244041979046580e-04,1.421895813665619642e-04,1.342365037852699368e-04,1.277188928666111848e-04,1.229474501088983281e-04,1.206017091546456163e-04,1.200632647449858544e-04,1.194039012477440451e-04,1.186313336467323767e-04,1.177521187877575372e-04,1.167735499615370871e-04,1.157033360130610438e-04,1.145494098456493386e-04,1.133197584250464563e-04,1.120222782317722358e-04,1.106646565043147202e-04,1.092542773092246907e-04,1.077981505512745451e-04,1.063028614715970876e-04,1.047745379074248301e-04,1.032188325344506941e-04,1.016409174176755015e-04,1.000454884037628895e-04,9.843677715342270124e-05,9.681856890278762464e-05,9.519422433521878754e-05,9.356670422583246590e-05,9.193859578998672222e-05,9.031213995223377408e-05,8.868925916483513154e-05,8.707158629879158704e-05,8.546049751734715607e-05,8.385715850388424629e-05,8.226260965029609984e-05,8.067795202396398958e-05,7.910476459843729174e-05,7.754598606951371132e-05,7.600759514011223297e-05,7.450143131723913732e-05,7.304935271861304983e-05,7.168889598869451546e-05,7.048198912477356083e-05,6.953630305795993215e-05,6.910031911082202159e-05,1.442794031077775573e-21
3.848580858680218067e-04,3.848580858680218067e-04,4.047861883056735411e-04,4.065092979121178200e-04,4.084054198735669354e-04,4.104837761595527055e-04,4.123591022209961536e-04,4.145801199689677619e-04,4.169361861657639237e-04,4.192202708899090162e-04,4.225633761707599462e-04,4.265974451094411892e-04,4.300849535147040540e-04,4.338680268131521359e-04,4.375358035703873325e-04,4.420837251865512331e-04,4.467649996360370805e-04,4.509490844244150179e-04,4.546692837774336197e-04,4.570794270408953136e-04,4.598260361989743041e-04,4.627059091802459504e-04,4.655885781810037947e-04,4.684013474663596297e-04,4.703844380269233414e-04,4.722011441405077445e-04,4.740301015155692389e-04,4.750243758546977314e-04,4.760609147803833798e-04,4.777503518710829282e-04,4.794754264345233124e-04,4.793606542050647050e-04,4.621769799325193130e-04,4.452622516004050407e-04,4.288913773406164733e-04,4.135335314933114383e-04,3.990151062651201984e-04,3.851140117581417009e-04,3.716553277511061267e-04,3.585297725393929804e-04,3.457771078241012302e-04,3.330683464915017806e-04,3.205791565177134846e-04,3.082294453488615546e-04,2.966229244787149557e-04,2.860491746218171943e-04,2.761575963836720667e-04,2.667422858177070010e-04,2.577224462324255731e-04,2.483993249922472569e-04,2.382704091767040826e-04,2.267264011832603428e-04,2.135582248279210686e-04,1.999267381432464870e-04,1.866993826879834845e-04,1.741622683257984874e-04,1.624586378355583050e-04,1.518113216307986142e-04,1.425177602918955395e-04,1.344902009828798290e-04,1.278685080795543703e-04,1.229470671276669644e-04,1.203280964036535237e-04,1.197707491390619279e-04,1.191261871013312926e-04,1.183684601763384164e-04,1.175039532951403803e-04,1.165398278024147810e-04,1.154836833825798596e-04,1.143433663722161745e-04,1.131267981203474003e-04,1.118418283408347013e-04,1.104961140078399056e-04,1.090970230074615526e-04,1.076515607904478955e-04,1.061663176645261667e-04,1.046474340558928886e-04,1.031005809892552395e-04,1.015309531200722453e-04,9.994327184527887389e-05,9.834179627491701470e-05,9.673034013214052850e-05,9.511229293906584730e-05,9.349064412640440997e-05,9.186800897473936325e-05,9.024665558227889606e-05,8.862853246832867152e-05,8.701529731681575898e-05,8.540834975054244454e-05,8.380887748439738033e-05,8.221794143054247960e-05,8.063666153181462998e-05,7.906663378797323938e-05,7.751081191709062901e-05,7.597518811065173347e-05,7.447161657039746605e-05,7.302197992610655851e-05,7.166387011223047097e-05,7.045934571345994558e-05,6.951638227926537508e-05,6.908427886524104368e-05,1.495962695105085817e-19
3.855684965177487693e-04,3.855684965177487693e-04,4.055179946854685813e-04,4.073034362323330526e-04,4.092579875832725407e-04,4.113850400198558162e-04,4.133053201633853741e-04,4.155656897540293475e-04,4.179667220763936077e-04,4.203075910895251715e-04,4.236913138312648148e-04,4.277536682412150302e-04,4.312677629692161698e-04,4.350725245898751721e-04,4.387801292510080053e-04,4.433593889224088673e-04,4.480597883813018114e-04,4.522595802324689456e-04,4.559926819741278933e-04,4.583711612362425169e-04,4.610811323265724009e-04,4.639089382552760081e-04,4.667387733708213381e-04,4.694993534920519941e-04,4.714322535855730947e-04,4.732205763916838928e-04,4.750119809737122644e-04,4.759696809492959969e-04,4.770062778309161846e-04,4.786902604136580169e-04,4.804019433685250448e-04,4.802730884888807474e-04,4.630499205360979142e-04,4.460947076818893957e-04,4.297599827718865924e-04,4.142680151038902235e-04,3.996802928754466817e-04,3.857191901743780064e-04,3.721925340364190126e-04,3.590206818998424067e-04,3.462136312655350167e-04,3.334614387878202173e-04,3.209278008087191269e-04,3.085467519097296121e-04,2.969240387939353003e-04,2.863344221516960462e-04,2.764558704374707942e-04,2.669714792519237525e-04,2.578740508745116394e-04,2.485241866982440171e-04,2.383921101395303395e-04,2.269048697756157287e-04,2.138794207215290568e-04,2.003266577655273678e-04,1.871409054845952634e-04,1.746203445601145221e-04,1.629146110954072201e-04,1.522008315860534492e-04,1.428481434559936646e-04,1.347488534036387904e-04,1.280280842806544512e-04,1.229643254868894859e-04,1.200946514353353817e-04,1.194820683328313423e-04,1.188520312610524826e-04,1.181088417896833978e-04,1.172587630786460012e-04,1.163088239944581539e-04,1.152665143018564097e-04,1.141395926639759192e-04,1.129359134802204094e-04,1.116632782393549007e-04,1.103293121458337781e-04,1.089413654115368573e-04,1.075064375923444912e-04,1.060311227018196403e-04,1.045215724905370974e-04,1.029834751715114722e-04,1.014220469354744608e-04,9.984203377744326900e-05,9.824772140237233780e-05,9.664295125696309311e-05,9.503114102193614525e-05,9.341530817892909828e-05,9.179809553688419424e-05,9.018179789131648997e-05,8.856838940603673632e-05,8.695955220314745780e-05,8.535670903288710462e-05,8.376106934807806112e-05,8.217371432337889075e-05,8.059578255342509257e-05,7.902888687157668226e-05,7.747599584397844602e-05,7.594311495365594321e-05,7.444211277621809550e-05,7.299489582071518740e-05,7.163911011359276008e-05,7.043694284758744012e-05,6.949667126303159638e-05,6.906840697432470690e-05,4.058323411200861999e-20
3.855684965177487693e-04,3.855684965177487693e-04,4.055179946854685813e-04,4.073034362323330526e-04,4.092579875832725407e-04,4.113850400198558162e-04,4.133053201633853741e-04,4.155656897540293475e-04,4.179667220763936077e-04,4.203075910895251715e-04,4.236913138312648148e-04,4.277536682412150302e-04,4.312677629692161698e-04,4.350725245898751721e-04,4.387801292510080053e-04,4.433593889224088673e-04,4.480597883813018114e-04,4.522595802324689456e-04,4.559926819741278933e-04,4.583711612362425169e-04,4.610811323265724009e-04,4.639089382552760081e-04,4.667387733708213381e-04,4.694993534920519941e-04,4.714322535855730947e-04,4.732205763916838928e-04,4.750119809737122644e-04,4.759696809492959969e-04,4.770062778309161846e-04,4.786902604136580169e-04,4.804019433685250448e-04,4.802730884888807474e-04,4.630499205360979142e-04,4.460947076818893957e-04,4.297599827718865924e-04,4.142680151038902235e-04,3.996802928754466817e-04,3.857191901743780064e-04,3.721925340364190126e-04,3.590206818998424067e-04,3.462136312655350167e-04,3.334614387878202173e-04,3.209278008087191269e-04,3.085467519097296121e-04,2.969240387939353003e-04,2.863344221516960462e-04,2.764558704374707942e-04,2.669714792519237525e-04,2.578740508745116394e-04,2.485241866982440171e-04,2.383921101395303395e-04,2.269048697756157287e-04,2.138794207215290568e-04,2.003266577655273678e-04,1.871409054845952634e-04,1.746203445601145221e-04,1.629146110954072201e-04,1.522008315860534492e-04,1.428481434559936646e-04,1.347488534036387904e-04,1.280280842806544512e-04,1.229643254868894859e-04,1.200946514353353817e-04,1.194820683328313423e-04,1.188520312610524826e-04,1.181088417896833978e-04,1.172587630786460012e-04,1.163088239944581539e-04,1.152665143018564097e-04,1.141395926639759192e-04,1.129359134802204094e-04,1.116632782393549007e-04,1.103293121458337781e-04,1.089413654115368573e-04,1.075064375923444912e-04,1.060311227018196403e-04,1.045215724905370974e-04,1.029834751715114722e-04,1.014220469354744608e-04,9.984203377744326900e-05,9.824772140237233780e-05,9.664295125696309311e-05,9.503114102193614525e-05,9.341530817892909828e-05,9.179809553688419424e-05,9.018179789131648997e-05,8.856838940603673632e-05,8.695955220314745780e-05,8.535670903288710462e-05,8.376106934807806112e-05,8.217371432337889075e-05,8.059578255342509257e-05,7.902888687157668226e-05,7.747599584397844602e-05,7.594311495365594321e-05,7.444211277621809550e-05,7.299489582071518740e-05,7.163911011359276008e-05,7.043694284758744012e-05,6.949667126303159638e-05,6.906840697432470690e-05,4.058323411200861999e-20
